betas =
[ 3.04754316  1.45781445  1.31742521  5.3308007   1.29953024  5.27593432
  0.93340406  5.35194364  0.9271842   5.17406957  0.81987137  5.59838546
  5.31295477  5.40415936  5.2212591   5.19428958  5.2346983   0.78606155
  5.44645966  5.10006377  5.38842791  5.31050797  5.20899854  5.36408755
  5.13411636  5.19657475  5.2111706   5.24317164  5.31343454  4.98949235
  5.17285721  5.16541378  4.86980076  5.12159563  5.1700313   5.0054416
  4.9815023   5.0411431   5.01262352  4.96869114  4.87549735  4.73832205
  4.80496195  4.63257504  4.70455508  4.78109308  4.74688881  0.77121735
  4.9907937   4.77925446  4.32236896  4.08854024  3.77021598  3.58305549
  3.36407082  3.66738374  3.04949449  0.70313875  2.71737574  0.60264471
  2.34975108  1.87104739  0.88520169  1.44884959]
W = 
[-0.10412908 -0.10794706 -0.1113506  -0.11425037 -0.11659661 -0.11839082
 -0.11965757 -0.12048279 -0.12097308 -0.1212821  -0.12153141 -0.12183555
 -0.12227184 -0.12289596 -0.1237229  -0.12474288 -0.1259178  -0.12718549
 -0.12846824 -0.12968871 -0.13077957 -0.13169147 -0.13239501 -0.13287899
 -0.13315755 -0.13325706 -0.13321909 -0.13309317 -0.13291487 -0.13272224
 -0.13255714 -0.13245429 -0.13242483 -0.13247304 -0.13259611 -0.13276503
 -0.13293743 -0.13306794 -0.13311427 -0.13302489 -0.1327543  -0.13226814
 -0.1315485  -0.13060963 -0.12948476 -0.12822315 -0.12689492 -0.12558552
 -0.12437901 -0.12334185 -0.12251473 -0.12190852 -0.12150847 -0.12125521
 -0.12106414 -0.12081566 -0.12038411 -0.1196146  -0.11839849 -0.11664925
 -0.11433751 -0.11145798 -0.10806479 -0.10425393]
[ 0.13778069  0.15366019  0.16640173  0.17519495  0.17954857  0.17968114
  0.17599018  0.16954947  0.16144677  0.15292484  0.14502117  0.13844315
  0.13361447  0.13054981  0.12891903  0.12815921  0.12745321  0.12604583
  0.12316873  0.11833643  0.11132065  0.1021068   0.09103689  0.07861302
  0.06568424  0.05306326  0.0413797   0.03125408  0.02296915  0.01655035
  0.01164915  0.00760426  0.00370514 -0.00099512 -0.00715942 -0.01527839
 -0.02551656 -0.03764671 -0.05126248 -0.06563583 -0.0800296  -0.09355348
 -0.10530404 -0.11476401 -0.12165015 -0.12606738 -0.12837282 -0.12920978
 -0.12944635 -0.12990722 -0.13144127 -0.13464913 -0.1398717  -0.14702569
 -0.1555416  -0.1645897  -0.17306832 -0.17968099 -0.18334127 -0.18302903
 -0.17839304 -0.16922878 -0.15606339 -0.13972931]
[-0.10388335 -0.12212148 -0.12438494 -0.10901205 -0.07662374 -0.03070204
  0.02334678  0.07843903  0.12739076  0.16368175  0.18215261  0.179709
  0.15557751  0.1121861   0.0548854  -0.00889981 -0.07074684 -0.12280951
 -0.15812507 -0.17167625 -0.16105932 -0.12708989 -0.07427172 -0.00963585
  0.05802143  0.11977173  0.16756497  0.19474519  0.19741779  0.17477895
  0.12960795  0.06782576 -0.00262106 -0.07247152 -0.13267529 -0.17522312
 -0.19452632 -0.18828472 -0.15754929 -0.10693302 -0.04335562  0.02454623
  0.08756859  0.13748252  0.16767832  0.17455176  0.15757827  0.11932053
  0.06518498  0.00240585 -0.06055634 -0.11560135 -0.15595676 -0.17701702
 -0.17690181 -0.15620753 -0.11831868 -0.06888044 -0.01479297  0.03667313
  0.07929931  0.10799704  0.11986128  0.11432061]
[ 0.03196581  0.00579867 -0.01253857  0.00542536 -0.1340383   0.1463094
  0.10947055 -0.22215218  0.05439671 -0.08350116  0.21298065 -0.07206948
 -0.08463864  0.04459414  0.05958717  0.00868438 -0.10911284 -0.01787973
  0.08669566 -0.06978008 -0.01167785  0.10781161  0.11279196 -0.13651004
 -0.0977561  -0.06681691  0.13151935  0.01426618  0.06153876  0.06857283
 -0.23547005  0.01441824  0.21532425 -0.22285028 -0.04986203  0.30458067
 -0.09241159 -0.16768141  0.09406095  0.11450419 -0.26835312  0.15444128
 -0.0006134   0.15793629 -0.23305723  0.03118043  0.04965085 -0.02008089
  0.07643035 -0.07470431  0.0681921  -0.14892118  0.17405569 -0.06716843
 -0.07607763  0.16471894 -0.09266375 -0.07250495  0.17561963 -0.22607813
  0.11313026  0.10746106 -0.06200284 -0.05063444]
[ 0.04297487  0.00294639 -0.04195529 -0.08568532 -0.12199154 -0.14559142
 -0.1521356  -0.13943344 -0.10811043 -0.06071032 -0.00319127  0.05749188
  0.11319817  0.15675989  0.1824251   0.18624431  0.16689556  0.12623671
  0.06947984  0.00428219 -0.06091937 -0.11760214 -0.15825462 -0.17720385
 -0.17152322 -0.1412546  -0.09009707 -0.02453078  0.04662709  0.11426
  0.16963102  0.20506243  0.21592355  0.20090734  0.1616268   0.10354911
  0.0347495  -0.03615836 -0.09981554 -0.14758162 -0.17325113 -0.17421002
 -0.15024279 -0.10527034 -0.04515596  0.02153284  0.08631562  0.14074638
  0.1780026   0.19396618  0.18689842  0.15849119  0.11248264  0.05561244
 -0.00477237 -0.06095275 -0.10593056 -0.13510988 -0.14566433 -0.13702789
 -0.11216094 -0.07517472 -0.03199767  0.01112298]
[-0.12807312  0.19619886 -0.0478015   0.03607927 -0.2007667   0.13071652
  0.00372599  0.03285391  0.02149067 -0.04415986 -0.04234087 -0.03713428
  0.10149855 -0.12118021  0.23624935 -0.10658571 -0.06208094 -0.11608821
  0.17752395  0.01162425 -0.0610973   0.22078743 -0.44169801  0.24768795
 -0.01671166  0.0079625  -0.0655213   0.19500036 -0.13531773  0.0222229
 -0.06575862  0.00552543  0.03337601 -0.03755014  0.1014147  -0.08344796
  0.15259837 -0.09692799 -0.08083065 -0.01323202  0.05706701  0.02868824
 -0.08498199  0.18535281 -0.00467387 -0.20203578  0.11415765 -0.10234194
  0.01462112  0.05140699  0.22348954 -0.16202922 -0.17733533  0.10554741
 -0.00457172  0.12559547  0.02002152 -0.17040239 -0.04620874  0.11829897
 -0.00769387  0.01860402  0.04493036 -0.08342219]
[-0.07068916 -0.10170237 -0.12444944 -0.13485963 -0.12941314 -0.1074267
 -0.06935169 -0.01869103  0.03958739  0.09965102  0.15477376  0.19899504
  0.22708851  0.23621676  0.22528468  0.19617391  0.15184236  0.09735518
  0.03860029 -0.01798195 -0.06756768 -0.10666272 -0.13293726 -0.14687832
 -0.14865451 -0.14059081 -0.12509059 -0.10493988 -0.08208793 -0.05843043
 -0.03453584 -0.01118013  0.0116895   0.03428836  0.05607175  0.07664235
  0.09436692  0.10717833  0.11243134  0.10811744  0.09270026  0.0651879
  0.02644646 -0.0213332  -0.07330297 -0.12432878 -0.16875669 -0.20130324
 -0.21857505 -0.21792626 -0.19870057 -0.16166988 -0.11075513 -0.05100982
  0.01114798  0.06882013  0.11647527  0.1495807   0.16572735  0.16497118
  0.14887444  0.12072459  0.08514064  0.04737722]
[-0.1795796   0.26459951 -0.0955792   0.0328818   0.00205473 -0.0498449
 -0.07979385  0.07798203  0.09922972 -0.17528024  0.03574184  0.24655766
 -0.11296839 -0.16361329 -0.08010063  0.15359071  0.07588941  0.05998819
 -0.08268546 -0.06414238 -0.08603989  0.10795939  0.10118605 -0.16435839
  0.13402135 -0.11314566  0.16402884 -0.2671659   0.28001262 -0.14765127
 -0.03882841 -0.01653831  0.18263911 -0.05111278 -0.0720733  -0.09214358
  0.1464209   0.02159159 -0.1238148   0.07749231  0.03451933 -0.08957741
  0.05238869 -0.10303974  0.13100667  0.00784591  0.03004863 -0.11596538
  0.01769719 -0.12621578  0.21043796 -0.03473747 -0.02383399  0.13966809
 -0.28300217  0.15872602 -0.02142489 -0.08245509  0.06108911  0.15933571
 -0.13635755 -0.04293992  0.00525872  0.04207461]
[ 0.04361008  0.07356022  0.10692021  0.14033178  0.17056426  0.19400611
  0.20799663  0.21019642  0.1993027   0.17552319  0.13992372  0.09512642
  0.04432959 -0.00851283 -0.05959536 -0.10505987 -0.14223831 -0.16912857
 -0.18483548 -0.18917543 -0.18320397 -0.16857465 -0.1470568  -0.12145074
 -0.09366631 -0.06590211 -0.03988941 -0.01692062  0.00198414  0.01596502
  0.02452666  0.02699135  0.02310084  0.01279424 -0.00403836 -0.02657663
 -0.05364654 -0.08336732 -0.11354599 -0.14132405 -0.16384587 -0.17874926
 -0.18383129 -0.17800346 -0.16051325 -0.13204484 -0.09404837 -0.04876586
  0.00027963  0.04954023  0.09511025  0.13398316  0.16320608  0.18131812
  0.18776318  0.18272248  0.16792437  0.14548665  0.11828242  0.08973034
  0.06267542  0.03948858  0.02163638  0.00959279]
[ 0.16534093  0.03838265 -0.30301625 -0.01767679  0.09966376  0.12196882
  0.01162292 -0.0708963  -0.04309385  0.00276379  0.09420177 -0.09964474
 -0.03280203  0.03803784  0.00056367  0.10990167 -0.08780658 -0.00421437
 -0.07538398  0.08664061 -0.07788177  0.19927957 -0.22283894  0.06821759
  0.01324819  0.04541141 -0.03148906 -0.12870925  0.09920342  0.09543855
 -0.15159277  0.2496842  -0.25348512  0.02571989 -0.02498649  0.1874842
 -0.1359631  -0.02303379 -0.03238648  0.19794608 -0.0377401  -0.15165203
  0.10217092 -0.12409203  0.12429463 -0.01445904 -0.03859546  0.08128025
 -0.07820301  0.146755   -0.31903969  0.22662902 -0.00039621  0.08223814
 -0.1800939   0.10059408  0.06831422 -0.19572036  0.0314469   0.09739029
 -0.05122868  0.04909831  0.12348231 -0.175911  ]
[ 0.20756556  0.23900834  0.24392959  0.21999457  0.17204469  0.10640947
  0.03193731 -0.04059254 -0.10012744 -0.13606087 -0.14563224 -0.12828997
 -0.08980405 -0.03766484  0.02012623  0.07223063  0.10987459  0.12517308
  0.11737061  0.08766417  0.04128288 -0.01603258 -0.07357281 -0.12163235
 -0.15270565 -0.16205301 -0.15164063 -0.12416581 -0.08817126 -0.04862755
 -0.01560703  0.00198679  0.00203993 -0.01537946 -0.04497686 -0.08038141
 -0.11275748 -0.13672315 -0.14478553 -0.13296148 -0.10058701 -0.05525336
 -0.00451005  0.04446033  0.08293684  0.10510143  0.10554489  0.08248401
  0.03982902 -0.01477906 -0.07107159 -0.11993951 -0.15137862 -0.15873289
 -0.13782772 -0.09232515 -0.02578775  0.05059409  0.12520267  0.18932647
  0.23334539  0.25067798  0.23966686  0.20269321]
[-0.04541574  0.01684101  0.039823   -0.09911134  0.03531333  0.00661505
  0.13878638 -0.02921564 -0.07224625 -0.07399088 -0.01414862  0.04176711
  0.06329437  0.02558847 -0.01487401 -0.04494638  0.10724439 -0.03977819
 -0.24856773  0.09522711  0.19064869 -0.00988369 -0.09488114  0.09613385
  0.01447606 -0.15636818  0.00104057 -0.05246455  0.14117106 -0.01982343
  0.06904563 -0.10269518  0.15672603 -0.18265613  0.04287235 -0.01326572
  0.07836105 -0.15860043  0.12687412  0.05130368 -0.2118729   0.27791111
 -0.22534337  0.19757278 -0.18105152  0.11762223 -0.12364732  0.15815966
 -0.10430909  0.04110521 -0.15098948  0.1878362  -0.08722527  0.1142997
 -0.01120264 -0.13042417  0.058209   -0.00236375 -0.12056917  0.32082317
 -0.29888785  0.12272663 -0.03065233  0.0121419 ]
[ 0.02716732  0.02328275 -0.01384022 -0.03863437 -0.11889575  0.2598548
 -0.27355255  0.2461138  -0.036722   -0.1287086  -0.00280796  0.07905441
  0.09280207 -0.08440236 -0.08610957 -0.15227579  0.33431723  0.01730231
 -0.11881279 -0.02747962 -0.11266818  0.06273794  0.08333402  0.05642805
 -0.05930001 -0.05104565  0.06174484 -0.01647382 -0.21674895  0.30802383
 -0.06045134 -0.09140983  0.11200437 -0.09827135 -0.02381314  0.03829546
  0.05197498 -0.05841725  0.10489443 -0.11852767  0.04281983 -0.14736335
  0.2483561  -0.06306257 -0.13694281  0.15585662 -0.06336683  0.06477261
 -0.14387257  0.07532354 -0.02909932  0.09168614 -0.11313778  0.16710119
 -0.08647773 -0.07776348  0.11416265 -0.06190497 -0.01191429 -0.1291008
  0.19269967  0.10467197 -0.15516757 -0.01045336]
[-0.11660021  0.01254824  0.09077893  0.10494163 -0.01288282 -0.14608899
  0.00323006 -0.07820165  0.16535966 -0.10552595  0.23760774 -0.16971002
 -0.03660675 -0.08677977  0.18800874 -0.07653835  0.0772018  -0.15599754
  0.11113095  0.03309315  0.01263104 -0.15363912  0.13306588 -0.06046657
  0.02206373 -0.08472111  0.06298666  0.12383083 -0.00457282 -0.17818914
  0.03305403  0.07446848 -0.11943123  0.17317782 -0.00516792 -0.16336916
  0.13598769 -0.1194225   0.0723582   0.01006173  0.1299398  -0.15274538
 -0.0731598   0.07541956 -0.03355463  0.00286309  0.20116213 -0.09717831
 -0.19845086  0.23157775 -0.22729031  0.10090102  0.11601645  0.06060752
 -0.19790205  0.00784501  0.05398411 -0.03469474  0.08136228 -0.08309636
 -0.08233426  0.31617871 -0.25037536  0.04059031]
[ 0.08114303 -0.11349584 -0.02840057  0.10753049  0.00591276 -0.22815862
  0.26668837 -0.0355691   0.04760019 -0.12345669 -0.04500738 -0.03427849
  0.13207002 -0.01307378  0.07764173 -0.1418332   0.04894993  0.00394494
  0.07747033 -0.07068698 -0.19969749  0.22478302 -0.00645999 -0.0731513
  0.24958983 -0.37264292  0.25107119 -0.08194313 -0.10078838  0.01689537
  0.15845726  0.02510689 -0.07846345 -0.13890758  0.06100556  0.12477921
 -0.11666857  0.03841753  0.06372927 -0.07437868  0.10755255 -0.2026502
  0.07944302  0.07128501 -0.00767244 -0.06243827 -0.0295902   0.03971249
  0.20932789 -0.14714595 -0.0672286  -0.06469724 -0.01353962  0.13715479
  0.07759638 -0.09605814 -0.02034651  0.15636712 -0.21285751  0.00042085
 -0.03236658  0.14042134  0.08046794 -0.13123928]
[-0.14663212  0.20557725 -0.10288752 -0.04503513  0.20197927 -0.06436121
 -0.05969224 -0.10924666 -0.01146419  0.20782707 -0.01395676 -0.11505201
  0.10087731 -0.15435514  0.10865332  0.00964756  0.0247218  -0.15983181
  0.11426897  0.09626917  0.03449982 -0.27140945  0.05318259  0.05068113
  0.18338246 -0.10207531 -0.04462233 -0.05522781 -0.0420205   0.21819299
 -0.19403225  0.13116713  0.05262841 -0.29374457  0.31450215 -0.17205721
  0.01766142 -0.04923916  0.08948619  0.08408472 -0.03898155 -0.14988213
  0.08438915 -0.05450104  0.01882114  0.16837781 -0.15111322 -0.09239652
  0.16811803 -0.04118021 -0.01694999  0.08243394 -0.12683278 -0.08546196
  0.13341828  0.04724595 -0.11907163  0.03323978  0.16799424 -0.08506966
 -0.10033608 -0.03530795  0.0267222   0.07554812]
[ 0.13878959 -0.18580711 -0.03795323  0.08676805 -0.02679495  0.0343173
  0.08088183  0.04823755 -0.1800864  -0.13151859  0.15747919  0.02561484
  0.1306873  -0.22086156  0.17453096 -0.0612478  -0.09355426 -0.01192897
  0.0476822   0.08883156 -0.00471302 -0.13521633  0.08290158  0.07373608
 -0.05319474  0.06368769 -0.2114539  -0.0926824   0.33037389 -0.10332172
  0.11871078 -0.14587293  0.13196304 -0.25089329  0.03302382  0.09471436
  0.14659121 -0.19239819  0.06576605 -0.0243667   0.06151344 -0.14286576
  0.16100973 -0.07309091  0.0154155  -0.12625867  0.22522834 -0.0305981
 -0.17274023  0.09535347 -0.04682011  0.05157603 -0.0259292   0.04748937
  0.06341373 -0.04240202 -0.16961452  0.13181302 -0.03871252  0.00798394
  0.14186889 -0.22713065  0.17729616 -0.07503282]
[ 0.03978244  0.05576376  0.06486982  0.06499751  0.05623493  0.03838673
  0.01447442 -0.01573989 -0.04739293 -0.07888181 -0.10537589 -0.12710406
 -0.14275828 -0.15214111 -0.15443071 -0.15244627 -0.14596053 -0.13871094
 -0.12964574 -0.11873895 -0.10585527 -0.09048314 -0.0691539  -0.04475054
 -0.01150166  0.02560319  0.07101261  0.11633721  0.16363058  0.20533903
  0.24048345  0.26386884  0.27673869  0.27210214  0.2580169   0.23155025
  0.19757567  0.15803819  0.11924591  0.08080989  0.04642908  0.01725178
 -0.00858702 -0.03052411 -0.05168137 -0.06954162 -0.08862595 -0.10654269
 -0.12344585 -0.13874067 -0.14861494 -0.15333209 -0.15043765 -0.13903669
 -0.12039076 -0.09509373 -0.06560362 -0.03444796 -0.00696653  0.01622433
  0.03144966  0.0396269   0.03803802  0.03011515]
[ -1.08343090e-01   1.78755439e-01  -1.98681377e-01   5.55322570e-02
   1.91518268e-01  -1.55030874e-01   3.89394978e-02   1.07664165e-02
  -5.21803050e-02  -1.37577779e-01   2.68071958e-01  -1.25668865e-01
  -1.64534398e-02   1.94706829e-01  -2.78139968e-01   1.94285159e-02
   1.64890212e-01  -3.61863479e-02   1.39164935e-02   1.26094218e-01
  -3.40797129e-01   7.64650035e-02   1.25976504e-01  -3.46450456e-03
  -7.29694355e-02   2.21912855e-01  -2.06495266e-01   3.68296285e-02
  -1.54191747e-02   1.92144202e-02  -8.27168672e-02   9.14743857e-02
   4.71382313e-02  -8.32211674e-02   4.06641405e-02   2.43717078e-02
  -1.02117596e-01   6.57243304e-02   8.62716062e-02  -1.00501236e-01
   2.31481303e-02   6.69780898e-03  -1.68599202e-01   1.84251012e-01
  -5.05966131e-02   1.04054033e-01   4.03840869e-02  -2.28945544e-01
  -1.47893472e-02   1.65153743e-01   6.45377742e-02  -1.48840376e-01
  -3.33929315e-04   5.38329899e-02   3.21455733e-02  -8.03766689e-02
   5.04354049e-03   1.28128814e-01  -2.13119559e-01   1.32519971e-01
   6.20480313e-02  -8.76647513e-02   7.26480111e-03  -6.26160807e-03]
[ 0.081485   -0.02735892 -0.23594588  0.28781718 -0.05391838 -0.02573132
 -0.04736091 -0.0041447   0.00609078  0.05996508 -0.00766335 -0.0452503
  0.13222566 -0.06975329 -0.2376607   0.16199089  0.11683351 -0.12255314
  0.16039547 -0.13046673 -0.00850068 -0.1294427   0.1084247   0.2678471
 -0.26317341 -0.15042629  0.31133774 -0.08073764 -0.11695408  0.01081512
  0.11241399 -0.10910121  0.06507455 -0.02496434  0.10937722 -0.0839442
 -0.08417396  0.05928533 -0.06898071  0.06126014 -0.00603561  0.14952186
 -0.05260812 -0.04503388 -0.12703697 -0.08656757  0.24679607 -0.04113549
  0.02370159  0.02354718 -0.11874849  0.00973961  0.07814244 -0.08360263
 -0.01959891 -0.03422199  0.20416528 -0.14449852  0.0896417   0.03292483
 -0.11241013 -0.15551696  0.19281041 -0.00034149]
[ -2.79743176e-02  -5.10211909e-02  -8.28194931e-03   1.55001436e-01
  -9.23172935e-02   1.15040731e-02   6.82264071e-02  -1.51671544e-01
   1.28278876e-01  -1.48757046e-01   1.78414464e-01  -1.54223549e-01
   1.15981760e-01   1.56236532e-02  -1.65455988e-01   1.99185711e-01
  -1.69052970e-01   1.68017327e-01  -4.56552441e-02  -1.47116414e-01
   1.81698804e-01  -9.05530218e-03  -1.45864564e-01   2.80199961e-02
   4.62631229e-02   1.09967472e-01  -8.66287107e-02   3.87623337e-02
  -1.75310510e-01   7.95949666e-02   1.27729606e-01  -9.46711448e-02
   7.79278728e-02  -5.00686783e-02  -2.28124558e-04  -1.03555048e-01
   7.15646491e-02   1.65153603e-01  -1.36585721e-01  -1.39971474e-01
   1.13214917e-01   1.51580776e-02   1.61050177e-01  -6.72427485e-02
  -2.29284500e-01   1.96726044e-01  -3.94317397e-02  -7.89314334e-02
   5.04020520e-02  -2.26084364e-02  -2.07119293e-02   2.51075520e-01
  -1.06021703e-01  -6.78624020e-02  -1.45776843e-01   2.80127094e-01
  -2.58772253e-01   1.56014882e-01  -1.05348383e-01   7.48870965e-02
  -1.65258526e-02   9.31454903e-02  -1.95961403e-02  -8.96398364e-02]
[-0.0216306  -0.0379777   0.01007652  0.05091727  0.16945323 -0.22822811
 -0.00513505  0.01542003  0.1370102  -0.1429117   0.02589807 -0.13192218
  0.30586674 -0.09249077 -0.06723047 -0.0656098   0.17770284 -0.03028829
 -0.24446455  0.0817541   0.09178823  0.10324935 -0.02746298 -0.10826282
  0.08464602 -0.08768528 -0.15218081  0.30753677 -0.12883087  0.03763863
 -0.02254464 -0.00367163 -0.05981836  0.17763181 -0.2602126   0.1028266
  0.10024011 -0.12977128  0.15344184  0.00259445 -0.17113054  0.02353281
  0.09441173 -0.07077509 -0.00473749  0.01341798  0.08990498 -0.04994905
  0.03454483 -0.1347129   0.08547488 -0.00358668  0.01606663 -0.024452
 -0.03380555  0.03668276 -0.00646312 -0.11665819  0.26574208 -0.01771689
 -0.10498909 -0.24463614  0.2461369  -0.00757351]
[ 0.02480813 -0.03281098 -0.00396386  0.19693728 -0.26849726 -0.0081384
  0.1387393  -0.07610031  0.10537465 -0.08120399  0.00837013  0.05718299
 -0.10243541  0.02626896 -0.0153598   0.10836255 -0.03109166 -0.09828839
  0.06829628 -0.04558443  0.03291544 -0.01136795  0.07037735 -0.13232218
  0.13872244 -0.05774486  0.06002559 -0.17242954  0.00563546  0.20415594
 -0.14368371  0.17792736 -0.21433658  0.0643466  -0.02896943 -0.01824521
  0.14949096 -0.1189451   0.15002848 -0.21030319 -0.02690224  0.30736456
 -0.1697327  -0.23570968  0.14593704  0.15851173  0.06397243 -0.08783853
 -0.20100312  0.06579135  0.11201027  0.07748816 -0.27465816  0.05232445
  0.24054912 -0.09000183 -0.00560246 -0.05511813 -0.03215102 -0.02280076
  0.09974565 -0.04132108  0.0761222  -0.07323811]
[-0.10225015  0.02450444  0.14338946 -0.11095455  0.05797278 -0.06853289
  0.111613   -0.06155286 -0.10626129  0.13079381 -0.11657857  0.09378896
  0.10380658 -0.06074854 -0.25411411  0.29006146 -0.05527786 -0.13855742
  0.18741116 -0.02332004 -0.1661172   0.21678229 -0.12985347 -0.03369453
  0.06502835 -0.02749707  0.03761759  0.07624005 -0.05617249 -0.20654374
  0.20121949 -0.00280188  0.05677232 -0.10380818 -0.02343929  0.01737449
 -0.01605626 -0.00877586  0.20293941 -0.05585505 -0.1426586  -0.02145326
 -0.02601637  0.06988368  0.06760069 -0.03684744  0.02949982  0.02517409
 -0.09279722  0.03033737 -0.16135197  0.24252911 -0.15393575  0.09572388
 -0.03986843  0.07814386 -0.06954772 -0.09764268  0.11700963 -0.11761942
  0.28201986 -0.16108676 -0.21809256  0.21353043]
[-0.01029819  0.19198217 -0.09508783 -0.30264574  0.23874293 -0.0951476
  0.15898397  0.07381288 -0.14410885 -0.06743711  0.0542191  -0.07146853
  0.16594791 -0.15328394  0.11254947  0.03116221 -0.15526519  0.14113314
 -0.17465612  0.11329442  0.04408536 -0.08008594  0.02185167  0.14905222
 -0.25351492 -0.03657592  0.33922344 -0.15897423 -0.10202911  0.06412664
 -0.03749782  0.11067425 -0.11477907  0.07703596 -0.13054323  0.15863901
 -0.00094676 -0.00292433 -0.06697836 -0.19471817  0.15972614  0.15590775
 -0.04702837 -0.02280699 -0.04139522 -0.10397359  0.10565313  0.00276542
 -0.06046755  0.04225766  0.1011415  -0.02929677 -0.1438618   0.04441409
 -0.00075822  0.06154126 -0.13075319  0.14746352  0.06326232 -0.11922687
 -0.00494981  0.01911684 -0.1247013   0.13813983]
[-0.02652849 -0.12276586  0.41196075 -0.22291382 -0.21302801  0.18635956
  0.01026596 -0.01017251 -0.03582002 -0.10256069  0.25650538 -0.11581505
  0.03965946 -0.01783869 -0.21686549  0.16947342  0.11305654 -0.14545479
  0.03804239  0.05832484 -0.0533292  -0.07975009  0.09453455  0.03236461
 -0.0809124   0.00480463  0.11417946 -0.05719208 -0.10449084  0.06534321
 -0.02933894  0.06271373 -0.04931708  0.08117978  0.00614493 -0.02353336
 -0.13963124  0.0361975   0.01284057  0.21148502 -0.07111138 -0.21168127
  0.02305864  0.09928638  0.1724203  -0.19179    -0.02147583  0.05108798
 -0.06148935 -0.00189887  0.14233414 -0.01252312 -0.15996093  0.04485443
  0.08622452  0.01521157 -0.18085826  0.10538352  0.04654168  0.11685161
 -0.25101169  0.01143628  0.15387255 -0.06282952]
[ 0.13178825 -0.09128536  0.00199015 -0.02451644  0.00424155 -0.1332436
  0.11724799  0.04695147  0.13078775 -0.17200605  0.05674937 -0.12411365
  0.00962656  0.08845663 -0.00255017 -0.03371874  0.11987693 -0.19314953
  0.07177971 -0.08111942  0.16704668  0.01829496 -0.20522363  0.19982595
 -0.15923732  0.10146174 -0.01560791 -0.16321111  0.17070085  0.14857256
 -0.20509667 -0.05489806  0.06858486  0.08103    -0.08169982 -0.08723333
  0.07181307  0.03912751  0.06577535  0.04817287 -0.20679002 -0.04290525
  0.13472491 -0.11440481  0.18921386 -0.10117225  0.07263585 -0.15149218
  0.25319789 -0.2269046  -0.05755028  0.05467873  0.03330208  0.03891221
  0.0146574  -0.08704617  0.05851222  0.07016985 -0.16005308  0.04147525
  0.09679527  0.01305769 -0.3062445   0.26973433]
[ 0.04920786 -0.19266573  0.27612656 -0.1854166   0.158236   -0.00636002
 -0.14665739 -0.05763124  0.10350345 -0.07828419  0.08345228  0.19793547
 -0.1689437  -0.06374055  0.04089142  0.02065426 -0.15589632  0.08364251
  0.08666204  0.1123607  -0.21748597  0.00380196 -0.00324878  0.20246868
 -0.06413515 -0.17632428  0.04080756  0.06949351 -0.03233922  0.07558569
 -0.03357064  0.00640457 -0.10125043 -0.00689358  0.15060097  0.00293289
 -0.03930896 -0.15637226  0.2494617  -0.24608816  0.04195591  0.09366233
  0.10769255 -0.14402918 -0.0274418   0.09632237  0.00276096 -0.14235183
  0.08349164  0.00279566 -0.00085637 -0.01447492  0.16989068 -0.18397865
 -0.12594468  0.18957362  0.08256684 -0.1231658  -0.14639965  0.27458854
 -0.06231195 -0.10801532  0.014962    0.04013584]
[-0.14494981  0.11954548  0.052459   -0.09819317  0.10276934 -0.02792097
  0.1007491  -0.29798407  0.17124235 -0.00213177 -0.05639127  0.12533441
  0.00124824 -0.14518644  0.18069854 -0.21769681  0.20892751 -0.14775888
  0.11460749 -0.06026505  0.00568385 -0.07983629  0.17758537 -0.05522722
 -0.10572496  0.13633154 -0.11580391 -0.03316634  0.00996638  0.18462068
  0.12310999 -0.32616552 -0.06035478  0.09905919  0.03272266  0.23301263
 -0.29061686  0.14279244 -0.1102663   0.02284767  0.01139417  0.09439079
 -0.09679012 -0.03704692  0.0884998  -0.03333936  0.026687   -0.00324947
 -0.00963581 -0.05534687 -0.01882202  0.18534846 -0.15578141  0.08489222
 -0.10610545  0.14659159 -0.00883698 -0.10916008 -0.08596043  0.0766834
  0.11162874 -0.02954732  0.04523951 -0.10444273]
[ 0.01070661  0.19537067 -0.19109095 -0.22597419  0.14629267  0.23215587
 -0.08188955 -0.0912409   0.00728814 -0.0325629   0.03076243  0.0632588
 -0.16114102  0.22211487 -0.07887733 -0.09549578  0.08777783 -0.02136216
 -0.00135593 -0.16961599  0.17995797  0.08537343 -0.02724483 -0.15626156
  0.13437905 -0.10693212  0.0308913   0.05589379 -0.08474828  0.04380484
  0.05328903 -0.00115505 -0.13751288  0.05235431  0.19378244 -0.18226378
  0.02885969 -0.14328075  0.13022351  0.05462925 -0.02029332 -0.00395247
  0.03437562 -0.01770992 -0.10458246 -0.22160203  0.39514637  0.09108042
 -0.1416461  -0.15729742 -0.00044242  0.08248605  0.07246385 -0.07467829
 -0.00279511  0.02504835 -0.11627916  0.24283671 -0.14530452 -0.00364839
  0.05117256 -0.12335033  0.0625031   0.03551862]
[-0.1201275   0.15196496  0.05944261 -0.03851866 -0.21197282  0.03247328
  0.25646685 -0.03980816 -0.07959081 -0.12691363 -0.01301932  0.13869299
  0.10784144 -0.06136356 -0.12022789  0.02629833 -0.05839475  0.22583349
 -0.10052065 -0.13902077  0.17223009 -0.19597121  0.14050103  0.10159887
 -0.13468181  0.08192648 -0.13727967  0.10125041  0.01912751 -0.13913902
  0.01680235  0.26551775 -0.24341994 -0.02532294  0.18475288 -0.01818368
 -0.08023061 -0.16169218  0.13156043  0.07849473  0.05325209 -0.13210338
  0.01590848  0.04221167 -0.07458612  0.05048468 -0.01387464 -0.04812409
  0.21592975 -0.2077561   0.03018203  0.01663475 -0.03100768  0.14901933
 -0.14612934 -0.09717163  0.2727683  -0.10660109 -0.06211089 -0.06264922
  0.1381802  -0.03976249  0.02893005 -0.04406502]
[ 0.0610144   0.08086912 -0.16995479  0.03194583 -0.0716953   0.24677119
 -0.1999049  -0.09544741  0.16790009  0.03511782  0.11945657 -0.37261159
  0.13722237  0.0769362   0.03858917 -0.02341485 -0.0392389  -0.0504538
 -0.07598963  0.10910817  0.0427848  -0.01060506  0.04021556 -0.01624522
 -0.08733012 -0.0650927   0.11855348  0.02482534 -0.00905165 -0.21708004
  0.28587106 -0.09277926  0.02009345 -0.06186376  0.03458938  0.04292298
 -0.02855878 -0.18361742  0.18193247 -0.03495726  0.08637668  0.03579858
 -0.17588136 -0.15516411  0.35780741  0.0550335  -0.29329078  0.06039217
  0.05700394 -0.09725307  0.13332932 -0.04125176  0.0158339   0.01443977
 -0.10429973  0.04021063  0.03311584  0.05005592 -0.11241357  0.01196315
  0.11666151 -0.06937129 -0.0520491   0.04994708]
[ 0.05167258 -0.05956052 -0.01335595  0.0252207  -0.02268978  0.12058341
 -0.20685467  0.0504116   0.27251227 -0.16940755 -0.19792194  0.08441802
  0.04498629  0.13473464 -0.02564641 -0.11317158 -0.10461929  0.22626373
 -0.09712659 -0.03316457  0.06634869 -0.09711971  0.11560331 -0.06919296
  0.02416239  0.05163131 -0.00246091 -0.09122986 -0.06651645  0.07014707
  0.01515818  0.09736151  0.07020068 -0.1640212  -0.09206719  0.05215843
  0.01171263  0.02119776  0.11090645 -0.06378119  0.05016899 -0.08187168
 -0.23041842  0.26293369  0.14188424 -0.25441495  0.10904328 -0.21613701
  0.24851312  0.16349123 -0.2970219   0.07400516 -0.13661558  0.02247508
  0.12000661  0.11732338 -0.11068428 -0.10487712  0.10546384  0.03061421
 -0.05868965 -0.05961625 -0.00259883  0.08749282]
[ 0.12207929 -0.0253305  -0.06605675 -0.06232657  0.02879525  0.09432444
 -0.16297973  0.14460977  0.01332754 -0.22063188  0.23212518  0.07082134
 -0.08259532 -0.18367131  0.09108444 -0.07909573  0.10689279  0.0611679
 -0.00194959  0.02382152 -0.18919217  0.12944956 -0.11040357  0.03953653
  0.01593078  0.10574133 -0.04706205 -0.01390266  0.07064334 -0.27992357
  0.18263939  0.03071064 -0.08614033  0.05826897  0.15843271 -0.09834743
 -0.18636893  0.08676787  0.0009868   0.05074046 -0.0835342   0.22481024
 -0.07795038 -0.09318751 -0.10278629  0.10279371  0.05620779 -0.10436991
  0.20570044 -0.18363483 -0.00855079  0.18918489 -0.16367925 -0.07936074
  0.2349492  -0.1179294  -0.07873666 -0.00551002  0.2409187  -0.17674855
 -0.07350635  0.16061309 -0.02932186 -0.05527032]
[ 0.06436466 -0.03395006 -0.02957796  0.12236224 -0.14875323 -0.06366936
  0.07228423  0.03676884  0.02910514  0.09336984 -0.22849448  0.16294769
 -0.08861946  0.03366309 -0.05290458 -0.05721316  0.22850901 -0.13615791
 -0.12208825  0.24589624 -0.0010578  -0.14623017 -0.10956769  0.08168195
 -0.00960788  0.193282   -0.0098295  -0.07730858 -0.1210302  -0.07410191
  0.14244683  0.1314638  -0.09941054 -0.0936822   0.11415169 -0.0079333
 -0.07475353 -0.01287285  0.14708714 -0.07714847 -0.17279536  0.16938053
  0.10560613 -0.13305847  0.03318884 -0.06657846  0.043821   -0.0311556
  0.04476638  0.06810306 -0.02185998 -0.22450313  0.13661088  0.21846149
 -0.26945432  0.2074118  -0.29241466  0.18469211  0.07100151 -0.08884931
 -0.07568465  0.11528072  0.01241425 -0.05573803]
[-0.00440679  0.0610107  -0.0383292  -0.16220861  0.11952303  0.03548036
  0.05203264 -0.00737066  0.08342113 -0.25138369 -0.11061717  0.23611292
  0.09776895 -0.08646052 -0.0378907  -0.005564    0.12068895 -0.20821764
  0.22567803 -0.32059158  0.19914828  0.10355268 -0.07725018  0.00958579
 -0.17329512  0.15515136  0.03970703  0.03828469 -0.11527231 -0.12266488
  0.06034487  0.18804032  0.03588387 -0.15244073 -0.11017391  0.12376242
  0.07051131 -0.09885153 -0.01626405  0.01976531  0.1361808  -0.07955019
 -0.05353567 -0.12016695  0.1108017   0.21809743 -0.17827581 -0.01872765
 -0.08144027  0.14527532 -0.06198978 -0.10005236  0.23706885 -0.17245032
  0.15049009 -0.07519869 -0.12046223  0.06588648  0.03068804  0.05087001
 -0.10288725  0.04799351  0.06045861 -0.06843407]
[-0.03470893  0.08385109 -0.05650267  0.03343868 -0.15788977  0.15936869
 -0.02735013  0.1649176  -0.21991179 -0.00916077  0.02424444 -0.01514173
  0.11909051 -0.05343627  0.02828585 -0.06581777  0.12511377 -0.26511472
  0.17385182  0.06273932 -0.09492334 -0.07559007  0.19715857 -0.08861224
  0.02713806 -0.03776922 -0.06740105  0.04014891  0.09737741 -0.08203335
 -0.10493879  0.23516337 -0.09448613  0.0787657  -0.22629738  0.01396949
  0.14800545  0.08519024 -0.04969562 -0.2263708   0.05898538  0.1546693
 -0.00225956  0.07857702 -0.12748448 -0.11668309 -0.11175535  0.22879351
  0.23796122 -0.1936281  -0.1848558   0.14232613  0.05696655 -0.1644357
 -0.02922934  0.24514087 -0.07989     0.00518106 -0.14429359  0.12780279
 -0.00362173 -0.05850571  0.0079743   0.028582  ]
[-0.11514423  0.10234004  0.02075028  0.0777079  -0.14048214 -0.05915175
  0.03860892  0.1493304   0.12907109 -0.29471895 -0.03969738 -0.00061326
  0.15000675  0.00471197  0.0958519  -0.08616368 -0.12841126  0.09678171
 -0.06333599  0.071774   -0.1007315   0.05952519  0.14773792 -0.03186242
 -0.05597243 -0.14086635  0.00234589  0.12228606 -0.04564642  0.04992777
  0.05667675  0.05540981 -0.19968746 -0.11228357  0.22994278 -0.06016604
 -0.02052521  0.16714477 -0.25051879  0.2703178  -0.31107474  0.11640349
  0.10119828 -0.10155266  0.06398008 -0.01001191 -0.07929398  0.12172517
 -0.1641553   0.17391536 -0.07792548 -0.05186165  0.10499972 -0.12811903
  0.0810048   0.04699861 -0.09022098  0.026171   -0.06584383  0.09936705
  0.12207541 -0.16722075 -0.15362194  0.19286849]
[ 0.13177373 -0.06740941 -0.04365199 -0.05735232 -0.07517778  0.22143133
  0.02256586 -0.05853468 -0.18627082  0.09825995  0.02203607  0.04573136
  0.11532328 -0.28481512  0.08898456  0.15631433 -0.0442085  -0.0917881
 -0.13119695  0.04508526  0.13897762  0.06247059  0.06332198 -0.25866772
  0.11879408 -0.06901099 -0.07617963  0.26004679 -0.14259965  0.0080962
 -0.09123282  0.08178011  0.13842582 -0.12824922 -0.01714383  0.04316756
 -0.20754975  0.23740118 -0.04439357 -0.03352145  0.01434758  0.09004066
 -0.04607717 -0.18574821  0.12607084 -0.02040842  0.22509397 -0.28784641
  0.05996309  0.06448578 -0.03044262 -0.05162143  0.06931237  0.06304761
 -0.07223635 -0.15091867  0.13714176  0.07999155 -0.13143333  0.13862445
 -0.10599513  0.0626895  -0.13423066  0.1050397 ]
[ 0.02377371 -0.06816897  0.00601961  0.02570725  0.19381297 -0.23871401
 -0.11186412  0.34444176 -0.26041773 -0.03121744  0.21208847  0.02153092
 -0.19530954  0.01396125  0.09285312 -0.01198234 -0.06862964  0.04491928
  0.12345764 -0.20787142  0.15310493 -0.1240917   0.05631696  0.0132397
  0.011132   -0.04594331  0.03098277  0.12033165 -0.2434928   0.0602224
  0.06142845  0.05812492  0.06283855 -0.14619207 -0.04340504 -0.00843922
  0.0776894   0.03685544  0.01904581  0.09474351 -0.24876699  0.11050089
 -0.13831806  0.03458453  0.272989   -0.08729941 -0.08017889 -0.02987517
 -0.00532481 -0.04373943  0.04514491  0.12075075 -0.05964711  0.07426204
 -0.18536745  0.11677935  0.03438457 -0.01600063 -0.11672091 -0.0598263
  0.12617692  0.08848235  0.11278617 -0.23086023]
[-0.11630032  0.20434929 -0.00946319 -0.11094947 -0.07742575  0.02459457
  0.08259294  0.18233235 -0.21680661  0.05360386  0.00559864 -0.14616004
 -0.07070731  0.29951234  0.03921429 -0.09662819 -0.08043692 -0.06811273
  0.07459467 -0.0136164   0.1269076  -0.08532474  0.04465513 -0.10769581
  0.03172986 -0.01796556  0.10619442 -0.03630763 -0.01150089 -0.12353364
  0.23247999 -0.14940556 -0.01667803  0.07698949 -0.09107566  0.11902731
 -0.05647912 -0.03299835  0.08130252 -0.01071453 -0.1136349  -0.05558165
  0.32333831 -0.18015996 -0.10789637  0.11886348  0.07996322 -0.26436295
  0.13461456  0.16049144 -0.0532079  -0.1060472  -0.10208425  0.03552176
  0.20861353  0.04580974 -0.04703578 -0.28374902  0.0198142   0.22069421
 -0.04954795  0.04406147 -0.02439341 -0.04967273]
[ 0.17952062 -0.0096874  -0.28953734  0.11299261 -0.04409048  0.04468733
  0.2221899  -0.06768478 -0.22048917 -0.05946902  0.12096019  0.21669472
 -0.11530545 -0.07799766 -0.03312152  0.04470985 -0.08967862  0.05815772
  0.0694031   0.04142178 -0.12169141 -0.00527858  0.10166251 -0.08403254
 -0.01291721  0.09602067 -0.09368759  0.06109907 -0.22699971  0.26764464
  0.16758234 -0.26868976 -0.12323854  0.12348429  0.0178819  -0.02790928
  0.17517615 -0.19772287  0.03673624  0.04402717  0.0192021  -0.10186155
 -0.05046729  0.09447885  0.12142134 -0.04459542 -0.14844712  0.05360234
  0.07768911 -0.09281393  0.02624025 -0.03573517  0.06597777 -0.00973562
  0.02318039 -0.02152058 -0.09020732 -0.07171005  0.20073366  0.12233233
 -0.19994853  0.04494961 -0.19996172  0.20098505]
[ 0.24103052 -0.10403262  0.00883736 -0.26111933  0.00049216  0.07959821
  0.20823706 -0.04450707 -0.01474715 -0.12766468  0.15277272 -0.09104084
 -0.14436649  0.08352517  0.11014229 -0.06622989  0.109799   -0.11317737
 -0.02434005 -0.08136041  0.10705004  0.02884516 -0.00581541 -0.0382454
  0.06341509 -0.09034352  0.03530607 -0.01466031  0.01728781 -0.01077863
  0.01234515 -0.0121304  -0.00686997 -0.00852123  0.1243167  -0.2580639
  0.0812447   0.24578104 -0.12783493 -0.17526455  0.08143522  0.04093783
 -0.04305072  0.10605514 -0.05646364  0.10439598 -0.19418546 -0.01879862
  0.06989856  0.16127334 -0.09763492 -0.15591712  0.01350132  0.24235521
 -0.16760739  0.00336566  0.0176732  -0.12726771  0.23145406 -0.06604217
  0.11210812 -0.34921236  0.14985248  0.07392495]
[ 0.00545184  0.11720055 -0.01534174 -0.19500291  0.05311005  0.01576711
 -0.01541229  0.04188891  0.17196487 -0.08286754 -0.14991764 -0.07774995
  0.16896307 -0.06787842  0.06212773  0.18993312 -0.27707921 -0.07546282
  0.11773166  0.07525064 -0.10726711  0.09854589  0.14179695 -0.25661355
 -0.14317528  0.25878215  0.01445161 -0.07575654 -0.00670104  0.07088546
  0.03013464 -0.14269382  0.01123031  0.03377738  0.09063486 -0.21847005
  0.17873463  0.0298917   0.11557818 -0.16694809 -0.22697429  0.09073469
  0.18361696  0.05134739 -0.00974837 -0.12251859 -0.0508023   0.03952176
  0.06642312  0.02128317 -0.08447842  0.00045407  0.05296572  0.07418851
 -0.07289111 -0.17081823  0.19550462  0.06343995 -0.05023629 -0.10044732
 -0.10873647  0.15461915  0.1956358  -0.21364344]
[ 0.01298844  0.11189073 -0.17627756 -0.00652656  0.07273724  0.09823984
 -0.11243297 -0.12100367  0.20689035 -0.09280219  0.00738354  0.10598398
 -0.13101233  0.04286133 -0.06928914  0.10182488 -0.1452277   0.03215182
  0.21059497 -0.04358756 -0.03537479 -0.25755681  0.05514202  0.27198014
  0.04412973 -0.26490934 -0.13507292  0.30180825  0.05534674 -0.10958123
 -0.07600053  0.00480265  0.03618765  0.07618858 -0.18640502  0.13195386
 -0.03659174  0.1289316  -0.01377578 -0.1133502  -0.11810704  0.04564167
  0.17331543 -0.03499632  0.0055476  -0.05946818 -0.07795226  0.13706834
 -0.02101053 -0.0109066  -0.02055253 -0.07338432 -0.10507527  0.34878961
  0.0454141  -0.23601145 -0.13095651  0.10864738  0.05845553  0.03410072
 -0.05549285  0.04059389 -0.02394154 -0.0114955 ]
[-0.05511231 -0.06098077  0.01707816  0.1542663   0.00530196  0.00790943
 -0.18986181  0.15595557 -0.14165455  0.09061365 -0.02583353 -0.05896862
  0.2226721  -0.12447461  0.05554292 -0.09777027 -0.11234009  0.13463738
  0.20925534 -0.33254303  0.07450234  0.14595601 -0.00792386 -0.08749563
 -0.03870832  0.02928508  0.01315318 -0.07368607  0.16531715  0.05692938
 -0.16059302 -0.06783664 -0.11033213  0.27357782  0.09669262 -0.04507287
 -0.26106673 -0.05787181  0.24588352  0.01688797 -0.05393311  0.03348319
 -0.1032271   0.04472778 -0.07956876  0.15294492 -0.07719408 -0.00078124
 -0.01106977  0.09415998 -0.05417005 -0.12039    -0.01147318  0.24031876
 -0.1385602   0.03541917 -0.19731346  0.17404097  0.02877665  0.09122216
 -0.12164915 -0.11190683 -0.00190474  0.12832891]
[-0.31578761  0.277324    0.04882977  0.10449016 -0.18146199  0.01121772
  0.05902869 -0.07193991 -0.0775211  -0.03954454  0.23667873  0.10518221
 -0.13378744 -0.17076475  0.07672958 -0.00169741  0.01170862  0.13343025
 -0.1330411   0.07335757  0.04604086 -0.01976286 -0.21878053  0.08551302
  0.08905736 -0.00422951  0.10903827 -0.07785304 -0.09669491  0.06162235
 -0.03351069 -0.1177569   0.17575467  0.15602583 -0.12549907 -0.08110521
 -0.12872594  0.08674115  0.21263322 -0.10887168 -0.03985051 -0.01669996
 -0.00240754 -0.01447568  0.14184004 -0.08999865 -0.09482936  0.0525222
  0.08116786  0.10033762 -0.28240412  0.00811044  0.26090391 -0.13255069
  0.096951   -0.147977   -0.0176552   0.0936654   0.00096382 -0.07826353
  0.11391751 -0.13904847  0.14412038 -0.07433143]
[-0.02512258 -0.04454376 -0.06682869 -0.08941325 -0.10931332 -0.12429312
 -0.13239521 -0.1319543  -0.12381975 -0.10952382 -0.08780118 -0.06232777
 -0.03430755 -0.00693758  0.02030511  0.04289742  0.06584295  0.08502747
  0.10218561  0.11938172  0.13567282  0.15304386  0.16759459  0.18399299
  0.19464644  0.19977842  0.20339699  0.19365409  0.17764157  0.1527697
  0.12095625  0.08115456  0.03784405 -0.00554097 -0.05012748 -0.08997633
 -0.12487523 -0.15308565 -0.17326952 -0.18732515 -0.19253605 -0.19422305
 -0.19038398 -0.18400212 -0.17414656 -0.16206907 -0.14920545 -0.13023462
 -0.10936895 -0.08544072 -0.05618941 -0.02437387  0.01058238  0.04520235
  0.07830921  0.10702897  0.12919295  0.1407162   0.14437837  0.13759106
  0.12064235  0.0983738   0.07270876  0.04366304]
[-0.0457822  -0.01628177  0.04581453  0.0598098  -0.03937976  0.04030129
 -0.08688783 -0.03390046  0.02000056  0.1115175  -0.06612573  0.11109896
 -0.2046981   0.00050909  0.1289978   0.06576945 -0.02289257 -0.13278874
 -0.06529233  0.13772079 -0.05484633  0.11682077  0.03560832 -0.02646912
 -0.21203284 -0.04282042  0.17277753  0.12446834 -0.08801051 -0.02369166
 -0.00283815 -0.0271949  -0.07390905  0.11342364 -0.09614023  0.08286466
  0.20407485 -0.21689589 -0.20871095  0.25869179 -0.02419948 -0.03528087
 -0.00625932  0.06320953 -0.12245925  0.19821408 -0.06400678 -0.27692545
  0.24094166  0.0504525  -0.1411578   0.15183942 -0.1405995   0.11097447
 -0.05707149 -0.10626493 -0.05087551  0.33750131 -0.13252246 -0.05600425
  0.05426345 -0.20376605  0.1381624   0.0310534 ]
[ 0.00134844  0.00254667 -0.00568522  0.02050644 -0.04854694 -0.0308464
  0.20471095 -0.18424166 -0.08004206  0.20371919 -0.03774381 -0.04762676
 -0.06532405  0.09868609  0.04695995 -0.2458453   0.1176415   0.24512731
 -0.08464929 -0.18026922 -0.18320984  0.22747115  0.19346285  0.04264975
 -0.34015855  0.00133476  0.03228555  0.22558156  0.01131834 -0.13707018
 -0.17734384  0.07726588  0.21633556 -0.0503991   0.01639517 -0.22896138
  0.10167253  0.02936732  0.08214519 -0.07086912 -0.01476073  0.00541663
  0.10150643 -0.22845228  0.18920977 -0.06851664 -0.00829183  0.04506658
 -0.0213624   0.03072722 -0.07303388  0.12578613 -0.15373254 -0.00325124
  0.05799951  0.08383578 -0.0884365   0.00854162  0.04399833  0.02513945
 -0.15929983  0.06186557  0.05663217 -0.01413791]
[ 0.09183248 -0.03253422 -0.16254085  0.18758911 -0.02714489 -0.08407922
 -0.01281026  0.00439624  0.12167142 -0.02869856 -0.00375391  0.06252011
 -0.22333467 -0.0749443   0.27167918  0.03010098 -0.01912934 -0.12316702
 -0.06257476  0.01251966  0.14131746  0.00108834  0.00109645 -0.09735735
 -0.12621833  0.15510506  0.13034889 -0.00596103 -0.11546695 -0.14994144
  0.02152268  0.17302814  0.0279923  -0.03451411 -0.03193512  0.0141922
 -0.21932099  0.14404337  0.23629735 -0.12198269 -0.11083432 -0.20781064
  0.21268842  0.2431306  -0.14639639 -0.03421646 -0.10557854  0.09499191
 -0.16924821  0.00571408  0.23749922  0.13325684 -0.19401198 -0.14399291
  0.00704405 -0.0053628   0.11696021  0.01310947 -0.03539999  0.13480334
 -0.07914925 -0.1687458  -0.01130246  0.15512829]
[-0.20566452  0.07023173  0.13468956  0.11136668 -0.08842318 -0.14168188
 -0.0604699   0.23613013 -0.01457262 -0.10104104  0.03283976 -0.04503449
 -0.16472687  0.26017335  0.04791555  0.099373   -0.13491623 -0.19716765
 -0.0305324   0.06460271  0.10284513  0.17076869 -0.01866635 -0.06411089
 -0.17034618  0.01276208 -0.08066018  0.1354942   0.04106647  0.12609083
 -0.05112535 -0.0888303  -0.00572773 -0.22942071  0.20117588  0.1913275
 -0.12713575 -0.00829927 -0.04877029 -0.17860214  0.31214138 -0.00258131
 -0.05108255 -0.14485117  0.0368001  -0.05025602  0.07507735  0.15483063
  0.00925699 -0.19070446 -0.09808108  0.10536607  0.03131206  0.10619063
 -0.06430658 -0.11837639 -0.00744487  0.02552855  0.22796828 -0.05276137
 -0.18697103 -0.03970412  0.03520896  0.10143777]
[-0.10638821 -0.05176825  0.15174375  0.04946004  0.0799415  -0.04075707
 -0.14452935 -0.18012519  0.06315029  0.14269164  0.2373361  -0.11603989
 -0.04598839 -0.10850337  0.00557064 -0.12241708  0.06891996  0.16968113
  0.11777891 -0.11515604 -0.04618604 -0.02305925 -0.07771924 -0.13456782
  0.10910186  0.29260555  0.05313783 -0.16502836 -0.21106633 -0.02972834
  0.09378586  0.20114084 -0.01780935 -0.17907433 -0.03113826  0.12604467
  0.15258233 -0.13431765 -0.16817985  0.02013353 -0.01024047  0.18445085
  0.14322231 -0.13090912 -0.10415357 -0.15717419  0.02323574  0.19132033
  0.08494544 -0.02064472 -0.08910765 -0.10192552 -0.02625621  0.19805917
  0.0038506  -0.19701774  0.10394466 -0.04487626  0.0082362   0.17866972
 -0.05698469 -0.148787   -0.06974111  0.1511304 ]
[-0.06796774 -0.0822141  -0.01585882  0.14996871  0.18183036 -0.04703496
 -0.13470389 -0.10683078 -0.05145535 -0.00235219  0.16104645  0.13665139
 -0.02464152 -0.12100632 -0.16021546  0.16644729  0.13802295 -0.09847451
 -0.19079787 -0.04410775  0.25225709  0.11014802 -0.00777957 -0.12510957
 -0.1184931  -0.08121266  0.03074762  0.12733858  0.19445331 -0.04180648
 -0.05694473 -0.10689142 -0.16465047  0.02641032  0.2243778   0.03073795
  0.04210095 -0.08270624 -0.05330027 -0.11706215  0.02250517  0.04303762
  0.15560665  0.0459282   0.02608318 -0.25178623 -0.16241716  0.07773208
  0.18639854  0.25054138 -0.04581537 -0.22255494 -0.18729814 -0.02509204
  0.20003195  0.14234364  0.01418628 -0.07176009 -0.11352135 -0.0926434
  0.08583698  0.1430633  -0.06146677 -0.03951022]
[-0.01887069  0.03496639  0.00080508 -0.02209321 -0.07122136  0.05248651
  0.09748794  0.00142754 -0.06451938 -0.096861    0.02433876  0.04720702
  0.03923264  0.12991753 -0.10289717 -0.16873674  0.01820235  0.03670291
  0.17633559 -0.05785466 -0.03487015 -0.03800026 -0.0820827   0.02827303
  0.1949899  -0.04930687 -0.10000911 -0.02987795  0.06490738 -0.02213868
  0.03500257 -0.05767796  0.01167856 -0.0015065  -0.02383761  0.15912136
 -0.05044165 -0.08269264 -0.04968951 -0.02867212 -0.02323809  0.1168354
  0.11609819 -0.05617669  0.0651852  -0.12741773 -0.12768106 -0.10091302
  0.02203705  0.29285422  0.08273849  0.08462928 -0.19211004 -0.24946273
 -0.22754861  0.06606929  0.3633584   0.27354648  0.03176404 -0.2938721
 -0.27639831 -0.02331485  0.0786      0.22463117]
[ 0.0930962  -0.07847103 -0.04800877  0.00599939  0.0730591  -0.07668934
  0.08016853  0.0397641   0.01422691 -0.23871171 -0.00726382  0.15514311
  0.08001081  0.0771797  -0.08457741 -0.09151605 -0.13536978 -0.04772064
  0.12322755  0.27155758  0.00939239 -0.15886771 -0.07863026 -0.18874304
  0.06724518  0.12498993  0.15824586  0.10347979 -0.14576664 -0.11504293
 -0.23500802 -0.03079421  0.34480038  0.15654774  0.04186527 -0.15776581
 -0.18546742 -0.16499138  0.01573472  0.22463479  0.19033394  0.0303619
 -0.0551474  -0.21873299 -0.08418383  0.01372025 -0.0145445   0.22732217
  0.04570427  0.01550579 -0.08809399 -0.05463872 -0.18261168  0.09755776
  0.03184719  0.13181577  0.0474     -0.06648945 -0.11306764 -0.0091064
  0.0780694  -0.03468548  0.02115417  0.00470608]
[-0.17113911 -0.13713072  0.02535253  0.18802663  0.15206686  0.17165532
 -0.08952412 -0.23179668 -0.20671056 -0.06955361  0.07429617  0.2132092
  0.20980491  0.17900153 -0.1433884  -0.34353677 -0.11906407 -0.00487067
  0.12939355  0.26095766  0.10616564 -0.03451977 -0.14806568 -0.118026
 -0.12439819 -0.00149371  0.24130546 -0.00195085  0.0654326  -0.02819135
 -0.04295449  0.03860372 -0.12430755 -0.04583797  0.03419121 -0.03129525
  0.10827806  0.22637148 -0.06525949 -0.12958628 -0.11241856 -0.06820867
  0.03152829  0.08215291  0.10928639  0.07490681 -0.00183361 -0.13592928
 -0.07875856 -0.12583352  0.11275323  0.11753984  0.07028027  0.04782972
 -0.06532737 -0.13375898 -0.00323305 -0.042341    0.10160938  0.00186693
  0.010768    0.02349049  0.00336456 -0.05798793]
[ 0.22144306  0.22519643  0.19062567  0.12950578  0.0460205  -0.03388786
 -0.10502227 -0.15248984 -0.16838287 -0.14855233 -0.09863257 -0.03602878
  0.0281745   0.08354166  0.11082725  0.10783866  0.07760538  0.02149857
 -0.04579247 -0.11111177 -0.15563976 -0.17496118 -0.16216931 -0.11738209
 -0.0495603   0.03001908  0.09882013  0.14869424  0.1674828   0.15188382
  0.10804671  0.03780264 -0.03870116 -0.10549767 -0.15333534 -0.16388233
 -0.14038697 -0.08718807 -0.02084181  0.05637325  0.12192213  0.16154695
  0.17732037  0.15573929  0.10618079  0.04159665 -0.02492016 -0.08199253
 -0.11461302 -0.11328737 -0.07956583 -0.02684583  0.04123658  0.10674253
  0.14972229  0.16652271  0.15066372  0.09902104  0.02657361 -0.06009579
 -0.13677103 -0.19502073 -0.22563432 -0.22248781]
[ 0.1877436   0.07894396 -0.04086294 -0.09175834 -0.14186165 -0.13277943
  0.0535087   0.14664451  0.09599599  0.08577279 -0.06140026 -0.08493482
  0.01399502 -0.06530091 -0.14808642 -0.03462044  0.13729601  0.1230112
  0.0617561  -0.01071169  0.00184419 -0.13750658 -0.08460354 -0.14036124
  0.08311062  0.04329233  0.18234362  0.13583766  0.02182379 -0.12553239
 -0.25678621 -0.09690735  0.01337972  0.06403437  0.26765292  0.16945574
 -0.03968287 -0.18157602 -0.15015109 -0.14016393  0.04611201  0.09913766
  0.11146755  0.15376975  0.08937962 -0.13697737 -0.12581371 -0.1580756
 -0.02663562  0.0490858   0.06029912  0.27792434  0.11888426 -0.10021639
 -0.07662599 -0.20209035 -0.15260269  0.01854628  0.12219363  0.22407914
  0.11881628 -0.05264806 -0.08686839 -0.17429294]
[-0.27225253 -0.24029342 -0.16039688 -0.05974872  0.03965587  0.12189469
  0.16134127  0.16055139  0.1227414   0.05111073 -0.028426   -0.08958434
 -0.12680868 -0.12539401 -0.07935526 -0.01857768  0.05169035  0.1176991
  0.15828357  0.15851271  0.13174727  0.06641284 -0.00757093 -0.07852933
 -0.12835621 -0.14866381 -0.12740282 -0.07885229 -0.00938505  0.06682436
  0.12893839  0.1645773   0.16404105  0.1284626   0.05871516 -0.01466519
 -0.08715747 -0.13405517 -0.15228295 -0.12908717 -0.07584568 -0.00822803
  0.07508101  0.12651992  0.16293185  0.15382028  0.11455142  0.04997641
 -0.02037621 -0.0845043  -0.12052967 -0.11907679 -0.08280823 -0.02362863
  0.05376047  0.12375731  0.1606966   0.16210843  0.12135189  0.0390221
 -0.05884987 -0.1623162  -0.24172834 -0.27819357]
[ 0.17587423  0.14591683 -0.01698789 -0.11907737 -0.16983407 -0.0981763
 -0.03124179  0.08347918  0.10914462  0.12370477  0.11733175 -0.00660877
 -0.0739876  -0.17921323 -0.15264448 -0.08164464  0.03834968  0.16041957
  0.10481081  0.08986876  0.04783661 -0.08870259 -0.15237484 -0.11308443
 -0.05345957  0.06710716  0.09786971  0.1373231   0.0614795  -0.05480339
 -0.05597981 -0.13481362 -0.10104541 -0.08624502  0.05934004  0.16945667
  0.12100585  0.10655152 -0.04706822 -0.11544498 -0.12862546 -0.15207742
 -0.07560259  0.07479704  0.08478699  0.25687072  0.11119714  0.03504618
 -0.15644125 -0.1680548  -0.19731971 -0.10411915 -0.00832337  0.09246339
  0.17100852  0.23519126  0.08353051 -0.0386486  -0.22626263 -0.15908837
 -0.17311934  0.01804326  0.1827517   0.22015918]
[ 0.22382273  0.19419045  0.02718847 -0.10445247 -0.17140509 -0.23873719
 -0.08038672  0.01409964  0.1239277   0.19426379  0.14076505  0.09972116
 -0.01952841 -0.10695122 -0.21371553 -0.21137063 -0.09451234  0.01340952
  0.15959648  0.17017361  0.14858741  0.1100936  -0.05415404 -0.11989235
 -0.19312962 -0.15889931 -0.0829414   0.02077519  0.14763006  0.19456599
  0.16032957  0.07067986 -0.06860841 -0.1468346  -0.21226883 -0.14390165
 -0.01536837  0.11133672  0.13993499  0.14722846  0.10755118 -0.01628522
 -0.0746536  -0.09507941 -0.14738938 -0.06765778 -0.00778106  0.06776737
  0.1181596   0.14916552  0.08551218 -0.01656267 -0.08418726 -0.08857502
 -0.08959744 -0.08474696  0.00096892  0.08267571  0.10600173  0.09757153
  0.07545356 -0.01538957 -0.10450305 -0.15972878]
[ 0.22529402  0.17833148  0.10066863  0.0040121  -0.09503179 -0.1423826
 -0.16742474 -0.13512915 -0.06809239  0.02960972  0.10531998  0.15956792
  0.15364167  0.10980101  0.02351154 -0.08022257 -0.16588539 -0.19283866
 -0.17000956 -0.09692029  0.01238286  0.08604682  0.14423515  0.1873211
  0.1309637   0.05696849 -0.03124315 -0.13124542 -0.15314787 -0.16490627
 -0.10315728 -0.04835611  0.06602523  0.12019119  0.16056878  0.13800459
  0.10414528  0.01666979 -0.07817662 -0.13218761 -0.15757091 -0.1356197
 -0.06686346  0.01552673  0.09989757  0.15868223  0.16982148  0.15458338
  0.06348174 -0.01005046 -0.10297028 -0.12830815 -0.14724999 -0.0993139
 -0.03745428  0.04963298  0.12206838  0.17206146  0.14652847  0.10329704
 -0.00672031 -0.09635972 -0.19347248 -0.23261857]
[-0.1257057  -0.10286419 -0.02249812  0.00414276  0.06815235  0.13108356
  0.10403847  0.05216607 -0.01760901 -0.10057622 -0.11935709 -0.10962556
 -0.07580205 -0.00219663  0.08889197  0.14605123  0.16357019  0.12226627
  0.03097411 -0.05828519 -0.1319135  -0.18389233 -0.15158945 -0.07319171
  0.02250678  0.12008988  0.20740565  0.19027977  0.11339339  0.00027555
 -0.10192316 -0.18972906 -0.19492339 -0.15001936 -0.02484832  0.10159445
  0.18718624  0.20193038  0.19704235  0.04749897 -0.07010378 -0.15442737
 -0.22237787 -0.18126467 -0.07356855  0.05390695  0.13323221  0.19714068
  0.18060538  0.10585101  0.02799274 -0.09985752 -0.15104872 -0.15634879
 -0.11785757 -0.02245224  0.07738043  0.13952061  0.12032501  0.12999266
  0.02402448 -0.0716584  -0.12494502 -0.16825725]
