betas =
[ 3.53336802  6.16251336  7.31254997  6.07088634  5.95007207  2.11314005
  6.50856467  5.96502883  6.53550074  5.88904033  6.05107603  6.26639257
  5.83088868  6.09304028  5.88010189  6.01001524  5.84598392  6.05765172
  6.06006889  5.98233465  5.45951662  5.63717464  5.27197001  0.95702602
  5.75397289  5.52125131  5.3612069   5.06894053  5.09718964  4.86628914
  4.71481107  4.94362668  4.36782715  4.30488962  4.01655869  3.74208197
  4.22998116  3.65194147  3.26913745  3.39952489  0.60635507  2.8720456
  2.81290384  3.13437408  2.73394354  2.44631384  2.22069448  2.2012969
  1.91768768  0.29537656  2.03391736  1.91575342  1.66299683  0.99832866
  0.2757535   0.92965293  0.90674963  0.38742825  0.1034587   0.20031744
  0.20073197  0.21992835  0.11192932  0.09572279]
W = 
[ 0.07011061  0.07566777  0.08333196  0.08953     0.09484542  0.09861463
  0.09900668  0.09761128  0.09494109  0.09509765  0.09617167  0.10034706
  0.1073645   0.1148136   0.11648139  0.11272333  0.11361728  0.11505993
  0.11794187  0.119236    0.11942833  0.11714497  0.11198801  0.10571236
  0.10271354  0.10663612  0.11167801  0.11883775  0.12509484  0.13103906
  0.13237914  0.12657644  0.12554098  0.12721621  0.13134255  0.13585737
  0.13978875  0.14433863  0.15526065  0.16893411  0.17727776  0.18306727
  0.18023571  0.17724311  0.17569494  0.1703146   0.16542329  0.16269666
  0.16318959  0.16221385  0.15769314  0.14874202  0.14098784  0.13092021
  0.12194885  0.11627644  0.11373866  0.10792808  0.09870097  0.0881098
  0.07342634  0.0639123   0.05838662  0.05987932]
[-0.01521741  0.06081529 -0.07704491 -0.02184521  0.17406231 -0.19612855
  0.01628123  0.22202443 -0.33933783  0.31022932 -0.21041633  0.07605365
  0.07466478 -0.15365648  0.08155987  0.04010295 -0.04025952 -0.04177846
  0.01509174  0.13598385 -0.22180969  0.12698147  0.05182948 -0.14390594
  0.06544812  0.12625225 -0.26830137  0.25390868 -0.14615067  0.06091337
 -0.00745593 -0.05680745  0.11661955 -0.14392641  0.13894122 -0.09680689
  0.03675412  0.007122   -0.04808189  0.08800804 -0.07837808  0.03314643
 -0.02661596  0.03741687 -0.0103686  -0.01262335 -0.02269104  0.0525459
 -0.01679035 -0.02092876 -0.00833568  0.06199584 -0.08180644  0.0584678
 -0.00467572 -0.04758538  0.0183594   0.13488888 -0.28083192  0.24120259
 -0.05740394 -0.07626434  0.08207859 -0.02830108]
[ -4.30083451e-02   1.02424345e-01  -9.98156980e-02   3.20127696e-02
   3.13400523e-02  -3.67892751e-02   1.56777321e-02  -7.02504865e-03
  -8.87347633e-03   4.45125725e-02  -5.14492690e-02  -5.06390261e-03
   8.81394172e-02  -1.25639301e-01   8.55128465e-02  -2.53637699e-02
   3.37460071e-02  -1.12874165e-01   1.84137100e-01  -2.01291184e-01
   1.90720114e-01  -1.78277893e-01   1.60831934e-01  -1.57100779e-01
   1.94773536e-01  -2.24894335e-01   1.88686396e-01  -1.34172772e-01
   1.40072457e-01  -1.78622709e-01   1.70888028e-01  -1.27499913e-01
   1.04435039e-01  -1.04686224e-01   1.11260337e-01  -1.22875856e-01
   1.22763289e-01  -8.82461256e-02   3.23908377e-02   5.60062804e-05
   1.35686316e-02  -5.29566453e-02   7.10717042e-02  -4.80987716e-02
   2.99904701e-02  -8.13228529e-02   1.96815541e-01  -2.89904879e-01
   2.58825621e-01  -9.71555882e-02  -5.53704660e-02   4.37267943e-02
   1.09629064e-01  -2.31782173e-01   2.18862336e-01  -1.35261492e-01
   7.23138359e-02  -6.81996578e-03  -9.73223404e-02   1.68725681e-01
  -1.23628306e-01   7.81263920e-03   6.49208071e-02  -4.08197657e-02]
[-0.00697277  0.03764025 -0.06924984  0.05960645 -0.00848831 -0.05613863
  0.09953906 -0.08254852  0.00094136  0.09809064 -0.15575788  0.13000522
 -0.02259008 -0.07537745  0.07007091  0.03682428 -0.15663377  0.19571234
 -0.13416456  0.02805558  0.04009035 -0.04320924  0.0440667  -0.11710336
  0.23790412 -0.31562678  0.25315975 -0.04472435 -0.15568641  0.19657059
 -0.11560555  0.0521428  -0.00446515 -0.11614494  0.24190644 -0.21566781
  0.06468435  0.03783519 -0.0483769   0.06122456 -0.07750895  0.02222229
  0.09130297 -0.18647888  0.20449787 -0.10706241 -0.07633351  0.22937518
 -0.24650751  0.12275115  0.05238808 -0.16121763  0.14019527 -0.04251543
 -0.02019078  0.00265957  0.0252571  -0.03826134  0.08452149 -0.15150419
  0.12166753  0.03776839 -0.16731102  0.102597  ]
[ 0.05722992 -0.08165428  0.01273935  0.03798696 -0.03922606  0.03633109
 -0.07225993  0.16051451 -0.23198481  0.19468293 -0.06501181 -0.0624394
  0.12343612 -0.14518968  0.11368168  0.04762463 -0.27612757  0.34411933
 -0.11792094 -0.21378792  0.3070329  -0.09231731 -0.13416744  0.12231378
  0.05397609 -0.13592711  0.02252267  0.0771607   0.01535175 -0.17148847
  0.18156507 -0.04090286 -0.10525795  0.14792548 -0.10932199  0.0813173
 -0.08808595  0.07436171 -0.0206563  -0.03023867  0.06258443 -0.0844887
  0.08280441 -0.03849733  0.01044928 -0.0494524   0.08161651 -0.02406597
 -0.04418697  0.05564873 -0.09851353  0.22283882 -0.28523062  0.19829107
 -0.07098786  0.03138244 -0.0304653  -0.0074357   0.06033504 -0.0793306
  0.07307908 -0.08167212  0.09477669 -0.0522265 ]
[-0.15590096 -0.16851076 -0.17436231 -0.18075935 -0.18643452 -0.18983451
 -0.18443386 -0.17854765 -0.17277662 -0.17301085 -0.17211788 -0.16595694
 -0.15594714 -0.14644329 -0.13987122 -0.14205793 -0.13969739 -0.13280333
 -0.12700524 -0.11983723 -0.11257009 -0.09845799 -0.09057456 -0.08458559
 -0.07975828 -0.07602182 -0.06633358 -0.05720662 -0.04680048 -0.03632992
 -0.0271613  -0.01818673 -0.0102782   0.00024694  0.00739541  0.01644818
  0.02582367  0.03545984  0.05016969  0.05609521  0.06579388  0.07072349
  0.07220638  0.08167375  0.09024726  0.09741166  0.10776824  0.11953731
  0.129505    0.13829935  0.14203198  0.14611544  0.14897909  0.14692494
  0.14434808  0.13824299  0.13367763  0.13940599  0.14833507  0.1551443
  0.15424756  0.15622923  0.15976947  0.15584813]
[-0.10120418  0.23364546 -0.22424781  0.08570486  0.0445705  -0.05884177
 -0.00269744  0.04970198 -0.06630209  0.0854444  -0.08487069  0.03269668
  0.02636822  0.00704979 -0.08932408  0.08451133  0.00468133 -0.03882397
 -0.02618223  0.07892981 -0.05936395  0.07377198 -0.19521994  0.28293509
 -0.1863783  -0.01263917  0.10499411 -0.03423822 -0.06886024  0.10814326
 -0.11959297  0.15104081 -0.16389195  0.10969997 -0.01878742 -0.05187912
  0.11309669 -0.20626266  0.2874675  -0.26248023  0.13130673 -0.01419869
  0.00949395 -0.10022343  0.20498334 -0.23631289  0.18186179 -0.12161923
  0.130495   -0.17834497  0.15867189 -0.02472278 -0.12093474  0.13707897
 -0.02866042 -0.08795067  0.10158939 -0.02700456 -0.03887401  0.04718345
 -0.05517545  0.11124601 -0.15004247  0.07826786]
[-0.08025544  0.14860679 -0.13746762  0.14198644 -0.14878899  0.08418323
  0.03732759 -0.09682213  0.05741952 -0.01490146  0.0361367  -0.02953488
 -0.05257969  0.09641049 -0.03158678 -0.03559587  0.02041471  0.00908153
  0.03223368 -0.07478117  0.03679702  0.01406203  0.02871922 -0.11593954
  0.10365627  0.06280275 -0.22136237  0.17449751  0.02392246 -0.13532683
  0.0053606   0.25908801 -0.39206629  0.2630362  -0.03858881 -0.02488239
 -0.09121792  0.18076585 -0.11654563 -0.03233317  0.1059066  -0.05809129
  0.01182632 -0.07676652  0.20060518 -0.21490068  0.06820461  0.10100644
 -0.15596991  0.10058171  0.00985553 -0.12228045  0.1777387  -0.15719358
  0.1008018  -0.03806994 -0.03707475  0.12275994 -0.17040447  0.15159109
 -0.05122658 -0.11606726  0.22176446 -0.12486778]
[-0.02839303  0.01154622  0.06238517 -0.0565081  -0.08848245  0.26294434
 -0.28786669  0.15324679 -0.04093014  0.0749608  -0.16488309  0.21387356
 -0.24742554  0.25263236 -0.15471305  0.01165235  0.0255542   0.0673302
 -0.15643481  0.18213848 -0.19328937  0.17460186 -0.04922517 -0.11214774
  0.14543966 -0.0336955  -0.05904669  0.02960537  0.02586527 -0.02557179
  0.00533302 -0.01141345  0.04672212 -0.09870623  0.12841615 -0.0969878
  0.02966491  0.00050188  0.04393153 -0.14368872  0.21224652 -0.17071431
  0.05957255  0.03063007 -0.0323664  -0.0425687   0.13826169 -0.16597718
  0.06479874  0.11506409 -0.20995319  0.13955199  0.01597912 -0.11486326
  0.10274186 -0.03572492  0.03235753 -0.12559766  0.20644158 -0.15673429
  0.05183971 -0.0500771   0.11826225 -0.08099833]
[-0.08045311  0.1311628  -0.05669472  0.00759477 -0.08928651  0.22349716
 -0.26813396  0.20188687 -0.0899941  -0.04459954  0.19060794 -0.26057562
  0.19726493 -0.04390337 -0.09852855  0.14290026 -0.05529078 -0.10216606
  0.17142362 -0.05465547 -0.12968029  0.16750852 -0.02621265 -0.11848886
  0.12303472 -0.0485673   0.03821621 -0.0707098   0.02746627  0.05833394
 -0.03138747 -0.11953438  0.1851325  -0.02508947 -0.17902863  0.16304367
  0.0226701  -0.10670733  0.010615    0.08805123 -0.07455328  0.00091851
  0.06343787 -0.12591188  0.19091247 -0.18220485  0.04959012  0.10756303
 -0.1745228   0.16678376 -0.12173384  0.0235857   0.06287631 -0.01127067
 -0.15143839  0.21501344 -0.09226473 -0.05299647  0.03626206  0.10825822
 -0.20204361  0.16581161 -0.07717881  0.01969313]
[  7.15124822e-02  -1.71223583e-01   2.32402223e-01  -2.56018694e-01
   2.16412555e-01  -1.18860861e-01   2.59285993e-02   2.02921659e-02
   2.34719821e-04  -6.56190281e-02   9.76068061e-02  -5.03713407e-02
  -2.12947504e-02   4.68932362e-02  -7.91477682e-03  -5.55892082e-02
   9.72908755e-02  -1.04438565e-01   6.74769852e-02   1.81434262e-02
  -7.52507368e-02   1.11111452e-02   1.36249044e-01  -2.23371787e-01
   1.88381503e-01  -1.24817933e-01   1.07572298e-01  -1.07489008e-01
   9.53412506e-02  -4.86156144e-02  -3.76933557e-02   1.21469602e-01
  -1.31047305e-01   4.23256674e-02   6.00495340e-02  -4.40195980e-02
  -8.96038477e-02   1.52703058e-01  -1.01609633e-02  -1.64044416e-01
   9.14137656e-02   1.92036280e-01  -3.31615875e-01   1.15752875e-01
   2.02134898e-01  -2.75351929e-01   1.27492058e-01  -3.97078243e-03
  -2.29699571e-02   3.47962733e-02  -7.39572001e-02   1.20024674e-01
  -1.85466773e-01   2.32555830e-01  -1.67945210e-01  -1.31942741e-02
   1.38133200e-01  -8.31508747e-02  -4.38953147e-02   5.27504523e-02
   3.25567132e-02  -4.02293024e-02  -4.37263117e-02   4.77592813e-02]
[-0.01481237  0.02795764 -0.01411351 -0.00677227 -0.00192837  0.05319172
 -0.09611575  0.06258156  0.03141596 -0.06881678 -0.00363283  0.06684133
  0.03061427 -0.2407461   0.33394789 -0.22110452  0.06830545 -0.03255907
  0.06819695 -0.0456923  -0.03795013  0.0881124  -0.07324263  0.05074418
 -0.04009643  0.02144251  0.00386341  0.01354177 -0.10099974  0.18695379
 -0.16730643  0.03034134  0.09268687 -0.05405395 -0.12394035  0.24819145
 -0.17125611 -0.01367942  0.0771043   0.04211648 -0.16955655  0.13476124
  0.00931662 -0.09797667  0.08986811 -0.0875169   0.11584146 -0.09002333
 -0.00412855  0.05047062  0.01516581 -0.10144274  0.08545116 -0.01603719
  0.04367813 -0.18397203  0.291302   -0.24193678  0.11176    -0.0727646
  0.17222591 -0.28867191  0.28500169 -0.1263532 ]
[-0.06941179  0.12059508 -0.0315084  -0.10355153  0.12443864 -0.00564996
 -0.1308046   0.15450069 -0.04592865 -0.11782023  0.20988601 -0.14347869
  0.00448514  0.02672962  0.0546412  -0.10511716  0.05623298  0.04524396
 -0.11791875  0.0992175  -0.02574639  0.02376894 -0.15091753  0.27142251
 -0.2075977   0.01421429  0.11165551 -0.11211374  0.09871267 -0.139433
  0.1362407  -0.02693832 -0.06582178 -0.00091431  0.19819661 -0.35532904
  0.30275017 -0.02100555 -0.27360486  0.30044141 -0.08886428 -0.04110735
 -0.05117122  0.13383668 -0.01272837 -0.12984285  0.0533013   0.11602493
 -0.12551382  0.01657782  0.03297381 -0.01756849  0.01228481 -0.00440069
 -0.00699944 -0.03109038  0.10439628 -0.10596872  0.02425024  0.03128246
  0.01144974 -0.10603157  0.15280918 -0.07757525]
[-0.01019643  0.02075413 -0.0288565   0.053747   -0.09900583  0.13720444
 -0.09517131 -0.03033413  0.09019425  0.04523103 -0.2732085   0.3744742
 -0.25867453  0.03454649  0.11784204 -0.09241845 -0.05552543  0.14068085
 -0.070977   -0.02453143  0.00850121  0.0595466  -0.0514026  -0.03085797
  0.08467605 -0.06638425  0.03780027 -0.04274717  0.06661931 -0.08120645
  0.08441318 -0.06959634 -0.00512879  0.12734787 -0.17841677  0.09135351
  0.02600075 -0.01983024 -0.10065537  0.19215355 -0.18987265  0.16937026
 -0.20067705  0.192126   -0.06384869 -0.07658369  0.07397781 -0.00340269
  0.03582664 -0.15139871  0.18699727 -0.12034311  0.02296689  0.0816083
 -0.17605709  0.14545008  0.02400655 -0.1209507  -0.01104447  0.22438981
 -0.28120369  0.16409426 -0.03766038 -0.00154091]
[ 0.0254871   0.02475554 -0.13559656  0.14106005 -0.07328976  0.04838461
 -0.03394754 -0.02131574  0.05893078 -0.01664634 -0.03916878  0.0094697
  0.06497188 -0.07474878 -0.00208049  0.08190262 -0.04562146 -0.10993345
  0.22860616 -0.1645695  -0.05653492  0.25464322 -0.23158483  0.00903222
  0.13452142 -0.02202967 -0.15091756  0.09707788  0.13206774 -0.28009215
  0.26910898 -0.1637158   0.04878021 -0.03792194  0.11830365 -0.11613665
  0.02440448 -0.04828347  0.190123   -0.19099757 -0.02520902  0.24226151
 -0.26549139  0.12121204  0.00812141  0.01907037 -0.14785009  0.19794958
 -0.0926447  -0.05480563  0.10929541 -0.07056138  0.01155183 -0.00722467
  0.07472266 -0.10948605  0.03685207  0.01200104  0.09551034 -0.23372027
  0.19678246 -0.03539406 -0.05398347  0.02896576]
[-0.13548045  0.26088791 -0.21301627  0.09457124  0.06319901 -0.24194416
  0.31375516 -0.16971142 -0.04539141  0.09073298  0.05594171 -0.16436601
  0.11067678 -0.00783464 -0.01432048 -0.02059773  0.02526833  0.05624508
 -0.18604784  0.28215499 -0.27127478  0.15271546 -0.004987   -0.07614609
  0.09927844 -0.11907695  0.1360138  -0.1047064   0.03833146 -0.05818535
  0.16179111 -0.17496635  0.03981326  0.08777154 -0.11703603  0.13781363
 -0.19440954  0.19274738 -0.09777316 -0.01388393  0.04764244 -0.00927746
 -0.03051373  0.06048605 -0.05646398  0.00755623  0.04730336 -0.07125432
  0.07906619 -0.06885278  0.02977977  0.0159037  -0.0100429  -0.02344156
 -0.01708149  0.11267893 -0.08829295 -0.08845619  0.21225379 -0.12160135
 -0.02609401 -0.00804095  0.14658757 -0.11205869]
[ 0.06552975 -0.14533987  0.15823179 -0.12638452  0.07470321 -0.04974164
  0.13538193 -0.25502068  0.2363226  -0.07258175 -0.02631512 -0.04193807
  0.12994358 -0.11381081  0.058882   -0.01400489 -0.06837742  0.16103401
 -0.12615281  0.00433756 -0.02722918  0.24344785 -0.36196969  0.19563144
  0.04166736 -0.0579482  -0.09349251  0.1421361  -0.03929129 -0.01841031
 -0.04095513  0.07792757  0.00061399 -0.11099326  0.13233514 -0.06781531
  0.02489775 -0.05965743  0.0895381  -0.0097     -0.12979973  0.1666365
 -0.04963527 -0.08258234  0.09662939 -0.0543091   0.09244306 -0.16970514
  0.10892252  0.10854403 -0.25775588  0.1403384   0.10486849 -0.17756004
  0.00993999  0.17305359 -0.17800354  0.07327444 -0.04415543  0.12459808
 -0.16640343  0.06779415  0.05572779 -0.05520071]
[-0.100446    0.17420885 -0.06555169 -0.10066005  0.13497196 -0.0179416
 -0.08035217  0.07837783 -0.09376458  0.15718006 -0.113249   -0.03446471
  0.06425728  0.08219474 -0.2123036   0.18229307 -0.02536424 -0.14010888
  0.24182656 -0.2477397   0.12175152  0.08443344 -0.18155779  0.07678176
  0.08611433 -0.13551984  0.09165562 -0.04751082 -0.0218399   0.14195309
 -0.27113124  0.30833939 -0.17441026 -0.02730166  0.08637248  0.01799193
 -0.13191348  0.17163795 -0.16992544  0.147731   -0.11942106  0.10420871
 -0.10641134  0.17069553 -0.23723013  0.18753912 -0.02543497 -0.09135345
  0.08140452 -0.00571718 -0.02519419  0.00744671  0.02622905 -0.04442951
  0.0343471   0.01760766 -0.04513164 -0.02787062  0.12757628 -0.09208719
 -0.02831389  0.03950515  0.05604286 -0.05997998]
[  5.78542503e-03  -6.92354945e-05   2.60858286e-02  -1.04290342e-01
   8.27737096e-02   9.52114976e-02  -2.09697076e-01   9.48951383e-02
   7.49705005e-02  -1.04774246e-01   6.69223453e-02  -1.07868415e-01
   1.92153837e-01  -1.93300313e-01   8.08421804e-02   5.12557644e-02
  -1.17673286e-01   1.42427227e-01  -1.50409829e-01   7.98428852e-02
   4.09436743e-02  -8.27599942e-02   3.55776841e-02   5.40819898e-04
  -2.50699224e-02   9.43796260e-02  -1.78399755e-01   1.79282849e-01
  -8.04218293e-02  -7.83684244e-03   1.93482308e-03   1.94591296e-02
   4.86260117e-02  -1.30215812e-01   8.89657005e-02   5.76977235e-02
  -2.08468232e-01   2.77519648e-01  -1.87528464e-01  -2.16260914e-02
   1.49907054e-01  -5.96607470e-02  -1.09688086e-01   1.22129500e-01
   3.43141032e-02  -1.47355470e-01   1.09760195e-01  -4.89097296e-02
   9.67259690e-02  -1.89498258e-01   2.03792362e-01  -1.34865732e-01
   9.01065919e-02  -1.28455879e-01   1.85939028e-01  -1.47790921e-01
   4.16037327e-02  -3.01651273e-02   1.13834940e-01  -8.99131245e-02
  -1.06323872e-01   2.77153232e-01  -2.55626359e-01   9.93000073e-02]
[ 0.06249707 -0.15709222  0.20383449 -0.20879304  0.19026187 -0.15336378
  0.10622994 -0.05929321  0.03505903 -0.03475495  0.01415189  0.03134425
 -0.04279388  0.02228792 -0.09433569  0.27439613 -0.32766432  0.0978377
  0.17754858 -0.15013671 -0.11666556  0.23166409 -0.05831819 -0.11262487
  0.05865468  0.07351908 -0.06919801 -0.04372695  0.09360438 -0.03268672
 -0.01818975 -0.01652987  0.03307476  0.05299032 -0.11281047  0.0053764
  0.14127332 -0.10615634 -0.05493763  0.07822791  0.10545291 -0.26203173
  0.21024018 -0.06369158  0.01954241 -0.07468501  0.09481312 -0.04651495
  0.0440737  -0.15830607  0.28291692 -0.2612338   0.10138795  0.03841377
 -0.05776663  0.0115363   0.03510272 -0.0623622   0.05555858 -0.03203212
  0.05451851 -0.11948752  0.13504072 -0.06213156]
[ 0.03761398 -0.0386293  -0.06036037  0.14625237 -0.12628076  0.05359641
 -0.00413646 -0.04419144  0.10818252 -0.09813046 -0.00886239  0.05449261
  0.04401179 -0.13131047  0.03550978  0.14029928 -0.16016826  0.0233478
  0.05956063  0.01424093 -0.11758453  0.09054156  0.03150671 -0.05164555
 -0.06192213  0.11148565  0.00978513 -0.15051704  0.13677329 -0.01987234
 -0.06753706  0.09673378 -0.06882349 -0.03912491  0.15207735 -0.11940277
 -0.05496242  0.17152585 -0.10428657 -0.02811907  0.05353419 -0.01503171
  0.08992803 -0.22346536  0.14152264  0.18177309 -0.36298585  0.14727143
  0.17372089 -0.1692319  -0.09705431  0.23769036 -0.15658068  0.06865903
 -0.02783327 -0.08317338  0.24770569 -0.2679861   0.06971156  0.17382443
 -0.22913658  0.06851596  0.09984136 -0.08141815]
[ 0.14949939 -0.23698494  0.01065139  0.2740569  -0.30688816  0.10810745
  0.07001949 -0.07905299 -0.04006655  0.15101147 -0.14080403  0.00158553
  0.10853553 -0.06131697 -0.07234624  0.11751417 -0.0165241  -0.09542568
  0.06695264  0.03811552 -0.0692535   0.03318327 -0.043063    0.13772365
 -0.21133414  0.10093518  0.13545557 -0.2555306   0.17369071 -0.01188048
 -0.0742088   0.00918732  0.14665164 -0.23129063  0.16481441 -0.00999501
 -0.15290399  0.22933154 -0.13402018 -0.01918907  0.06901206 -0.03131857
 -0.02955541  0.08892735 -0.03443225 -0.16947678  0.27107923 -0.09865871
 -0.10134463  0.07079477  0.07114239 -0.10552882  0.03059662  0.05341222
 -0.08485588  0.07100295 -0.06279632  0.09820139 -0.13565603  0.06775348
  0.08317085 -0.13152332  0.02884561  0.02529487]
[ 0.04802775 -0.08280001  0.05835796 -0.04975367  0.06353036 -0.03080581
 -0.03043169  0.04470341 -0.04430168  0.12684749 -0.21837195  0.14150124
  0.05341743 -0.14088998  0.06946103 -0.03313608  0.1403142  -0.22977872
  0.16460302 -0.05331015  0.05990252 -0.13320491  0.09815393  0.07368292
 -0.18843923  0.12100325 -0.01191407  0.03953847 -0.1358018   0.09503578
  0.06692033 -0.11241591 -0.03296943  0.1428834  -0.03854779 -0.12856834
  0.10499889  0.06941095 -0.1118378  -0.04973642  0.14101799 -0.0048696
 -0.0962064  -0.06747096  0.25385249 -0.14950248 -0.08739342  0.08909286
  0.10896143 -0.1486282  -0.02491929  0.07459528  0.10566676 -0.17454783
 -0.07817102  0.35578872 -0.26904384 -0.08179719  0.27928191 -0.17117061
  0.00676395 -0.01747898  0.11379148 -0.08256901]
[-0.16826908 -0.17520739 -0.17623439 -0.17659684 -0.17272257 -0.16754181
 -0.15966836 -0.14920743 -0.13808238 -0.12393625 -0.11019449 -0.09423644
 -0.07821565 -0.06093732 -0.04691517 -0.03503935 -0.01677607  0.00334767
  0.02392096  0.04230327  0.06166344  0.08004801  0.09290712  0.09948522
  0.10116989  0.10753907  0.11779645  0.12881087  0.1377333   0.13955838
  0.13879359  0.13794892  0.13990253  0.13932947  0.13796831  0.13578146
  0.13487753  0.13598267  0.13621659  0.13636422  0.13266844  0.12196454
  0.10168755  0.07610271  0.05300765  0.02801265  0.00269185 -0.02180927
 -0.04453626 -0.06199155 -0.07512036 -0.08638148 -0.09592199 -0.10795201
 -0.1235905  -0.14180408 -0.15682894 -0.16792929 -0.17934449 -0.18791044
 -0.19486993 -0.19513159 -0.19210285 -0.18055613]
[ 0.01426866  0.04170676 -0.13753983  0.11379877 -0.00278517 -0.02936603
 -0.0453876   0.07378388  0.03533169 -0.162755    0.12346385  0.05183927
 -0.11016506 -0.08282597  0.32662966 -0.33528026  0.14647244 -0.06427543
  0.15388245 -0.15317066 -0.06640575  0.25573157 -0.16889395 -0.06890955
  0.14811546 -0.04114334 -0.04345028  0.02597567 -0.00389197  0.03414638
 -0.05042299  0.03185075 -0.02942656  0.01239442  0.07633215 -0.13260353
  0.0173596   0.16000929 -0.1674081   0.00652729  0.15265009 -0.22294233
  0.1937614  -0.07037574 -0.0743403   0.09096872  0.04578137 -0.16051336
  0.12271916 -0.02938604  0.00699749 -0.0072673  -0.07136997  0.18180097
 -0.20441731  0.14851265 -0.13004639  0.13550582 -0.06019775 -0.0741568
  0.09625522  0.05775368 -0.20212585  0.1260129 ]
[-0.10706441  0.11631459  0.09983283 -0.2176732   0.04801074  0.19596699
 -0.21399964  0.01735013  0.1241074  -0.0557652  -0.08804378  0.11187758
 -0.0030152  -0.04697282 -0.02881685  0.08932188 -0.04404026 -0.02020942
 -0.02098919  0.13378195 -0.15839762  0.06234104 -0.00863299  0.04709062
 -0.03168328 -0.10242355  0.19684938 -0.13402353  0.04176326 -0.05685691
  0.09391534 -0.0391433  -0.0480401   0.0712596  -0.06683511  0.09937965
 -0.13101714  0.10583722 -0.07956971  0.11445634 -0.15591702  0.09180469
  0.07097859 -0.19197602  0.16068533 -0.0024247  -0.11098505  0.03440117
  0.14677149 -0.20721555  0.07194681  0.1089758  -0.11811971 -0.04704571
  0.15078493 -0.04413827 -0.19745523  0.35565151 -0.25860255 -0.04100926
  0.25870051 -0.18091235 -0.03229786  0.07043093]
[-0.1734824   0.30425373 -0.1169702  -0.15188182  0.18642516 -0.00721577
 -0.09047775 -0.02099518  0.14492524 -0.07030676 -0.09881304  0.11959764
  0.03903274 -0.15035106  0.08390315  0.03925971 -0.06928699  0.04814373
 -0.05410821  0.0364364   0.06785828 -0.18180348  0.18257972 -0.06422281
 -0.07842368  0.17119372 -0.13752781 -0.07735261  0.29434049 -0.24678246
 -0.03823921  0.19722281 -0.01313063 -0.24300806  0.19845505  0.05025802
 -0.10735947 -0.08987555  0.19978876 -0.08131197 -0.03757974 -0.00395592
  0.08036533 -0.02583325 -0.05474766  0.03006046  0.03858665 -0.01113858
 -0.0846937   0.10522202  0.00193486 -0.07957535  0.01621373  0.13415624
 -0.24683205  0.24443113 -0.13351748  0.0007653   0.06820613 -0.05975232
  0.0356433  -0.04234404  0.06392463 -0.04043538]
[ 0.12381784 -0.11635652 -0.12500415  0.20852699 -0.04405719 -0.08904395
  0.03537326  0.00450101  0.05109736 -0.04579547 -0.03862866  0.01216233
  0.04983097  0.03473964 -0.16991266  0.11798635  0.05700676 -0.09341391
 -0.03264026  0.09291732 -0.02309474 -0.05875483  0.10557184 -0.11944594
  0.03752354  0.12950544 -0.21621112  0.10729763  0.06987847 -0.1103014
  0.01148754  0.08417454 -0.09847067  0.06575336 -0.02288741 -0.03660744
  0.09779928 -0.06352406 -0.12505824  0.35176987 -0.37312739  0.14910203
  0.09943681 -0.17641026  0.11682957 -0.11031679  0.20326628 -0.2331519
  0.11990254  0.01450447 -0.06612499  0.08175842 -0.11821652  0.1174595
 -0.00963933 -0.0704585   0.03399287 -0.03452751  0.17106156 -0.26292449
  0.13113468  0.08106071 -0.1331188   0.05239596]
[ 0.03754371 -0.02985887  0.00575608 -0.06074719  0.04472297  0.07423771
 -0.07067451 -0.08098253  0.08009409  0.08065626 -0.06157638 -0.12493885
  0.05316693  0.23930442 -0.25482392 -0.09706722  0.31178104 -0.11654807
 -0.10498008 -0.01213176  0.20040692 -0.08411664 -0.1492697   0.1035098
  0.14368219 -0.17233449 -0.07309501  0.21074066 -0.07718168 -0.07990769
  0.0832744  -0.08150834  0.18005284 -0.22505624  0.10990971  0.04274153
 -0.10609619  0.09028065 -0.04402365  0.00714872 -0.0025351  -0.0200837
  0.13154702 -0.23413087  0.15484022  0.02234135 -0.08886183  0.03027499
  0.05583067 -0.14882229  0.22439668 -0.16310386 -0.05843134  0.2371438
 -0.1779424   0.01781129  0.05955191 -0.04518256 -0.0056427   0.07318379
 -0.07853014 -0.03962516  0.1738798  -0.11372795]
[ -5.23339522e-02   1.70470491e-01  -1.94357147e-01   4.21477066e-02
   5.16331562e-02   3.15137283e-02  -2.71520619e-02  -2.17554291e-01
   3.95226577e-01  -2.14562421e-01  -9.48091950e-02   1.14847464e-01
   8.24923170e-02  -1.02096338e-01  -1.00036200e-01   1.92458224e-01
  -5.83378303e-02  -4.44170609e-02   1.57781094e-02  -3.54860187e-02
   1.11559286e-01  -7.73154039e-02   3.26100665e-03  -2.87654776e-02
   6.63496875e-02  -1.19799597e-02  -5.86616696e-02   8.67389713e-02
  -1.58571991e-01   2.30014727e-01  -1.04139016e-01  -1.58737983e-01
   2.14815842e-01   4.39885174e-03  -1.19391666e-01  -5.71875463e-02
   1.78295037e-01   1.73376412e-03  -1.73218273e-01   3.27176547e-02
   1.82157104e-01  -1.09510248e-01  -1.27267703e-01   1.98080651e-01
  -3.98826863e-02  -1.04095914e-01   8.20678281e-02   2.67288292e-02
  -8.29360726e-02   8.14860204e-02  -9.01266414e-02   1.65483196e-01
  -2.37357357e-01   1.77217060e-01   3.42609327e-03  -8.57430304e-02
  -2.19809810e-04   7.94066701e-02  -5.65680588e-02   4.06980976e-03
   4.71875834e-02  -1.03095941e-01   1.21635653e-01  -6.42688430e-02]
[-0.06811995  0.0562829   0.0212782   0.07060944 -0.22807232  0.20980681
 -0.05042334 -0.01451404 -0.05606916  0.03299592  0.17465966 -0.26159365
  0.07379431  0.08253299  0.00372185 -0.06019971 -0.13085042  0.27377237
 -0.10765901 -0.08040178  0.03050564  0.00282304  0.16008772 -0.22773675
  0.03949558  0.11151575 -0.02764156 -0.03800511 -0.09950286  0.21853154
 -0.12973777 -0.00848663  0.01232854  0.00564761  0.10845573 -0.21787929
  0.15693862 -0.06189699  0.08277113 -0.07966519 -0.07780219  0.21625723
 -0.18604644  0.06064601  0.00516449  0.03398035 -0.02933058 -0.14215011
  0.28305032 -0.21888487  0.11249241 -0.08744667  0.0149631   0.09764531
 -0.12566779  0.10820126 -0.12342318  0.09880274 -0.00643585 -0.05176486
  0.07938024 -0.14243154  0.16994587 -0.07978594]
[ 0.1045232  -0.04945845 -0.21168546  0.18641978  0.17364637 -0.30952027
 -0.01428486  0.29192327 -0.09426651 -0.2293586   0.16901715  0.14784646
 -0.30179968  0.19382164 -0.05150132  0.02906252 -0.08694949  0.13467756
 -0.06831802 -0.09739546  0.15462839 -0.01927155 -0.08254671  0.03906024
 -0.0144653   0.06135556 -0.0151668  -0.13371119  0.13667806  0.05182981
 -0.1311201  -0.04964235  0.2235256  -0.14949546 -0.03200681  0.09220407
 -0.07194463  0.07896445 -0.03700292 -0.05866058  0.02066103  0.14481834
 -0.13619161 -0.10150661  0.2116227  -0.06804416 -0.05354517  0.01636018
  0.02957678 -0.00723141 -0.01198039  0.00284076  0.01305172 -0.06844781
  0.12509845 -0.01256902 -0.17789728  0.17245347 -0.00356989 -0.03277491
 -0.06368223  0.02989724  0.12196038 -0.10556348]
[-0.1192484   0.15962509  0.07017923 -0.21051883  0.02808239  0.09276214
  0.11978119 -0.23491364 -0.07167881  0.33223906 -0.14422913 -0.08838348
 -0.00033647  0.09608153  0.06695148 -0.21361285  0.09358222  0.08724033
 -0.03789186 -0.14429852  0.12287552  0.07698866 -0.10673063 -0.03867654
 -0.02229135  0.26406963 -0.1746755  -0.23533333  0.31187344  0.03727828
 -0.17355169 -0.08899312  0.19492286  0.0402092  -0.14284719 -0.04029096
  0.10551596  0.05788764 -0.13219299  0.01835822  0.03587083  0.02533464
 -0.01592    -0.09983564  0.14561465 -0.0539818  -0.04754221  0.04920197
 -0.02776689  0.06802841 -0.07623627  0.02720572 -0.03071078  0.03360253
  0.09967096 -0.19788699  0.06984672  0.07548828  0.00888357 -0.12112689
  0.0065284   0.16236152 -0.11543238  0.01539468]
[-0.06272573  0.02587457  0.09521346 -0.01303558 -0.12941442  0.02954676
  0.14168167 -0.07796096 -0.03834649 -0.02731369  0.09874298 -0.00226896
 -0.08935229  0.04888204  0.06343815 -0.11184776  0.05919718 -0.0248346
  0.07150063 -0.07699112  0.00342924  0.03389359  0.00832538 -0.05888927
  0.05423148  0.00108532 -0.05535489  0.03532608  0.01175002  0.0312332
 -0.11719596  0.1005164   0.0318111  -0.15028654  0.12097039  0.01896329
 -0.05466932 -0.07902293  0.11112729  0.06306951 -0.1240676  -0.057441
  0.12677241  0.05685585 -0.06852316 -0.17390539  0.15869304  0.19044564
 -0.20246025 -0.23485101  0.27965788  0.27146027 -0.41269359 -0.12437278
  0.31219946  0.10238837 -0.22856473 -0.10685698  0.1786259   0.06499361
 -0.08068761 -0.05885699  0.01580369  0.03326975]
[ 0.14843159 -0.21611625 -0.00531403  0.11452557  0.03153102 -0.03052778
 -0.1308541   0.06719455  0.08615173  0.03366897 -0.14987941 -0.05546964
  0.22605315 -0.13408274  0.0577083  -0.14227556  0.16510049 -0.00575029
 -0.10821348  0.07251191 -0.05889689  0.0880343   0.00647859 -0.11772794
  0.09144864 -0.05249453  0.12176685 -0.15242082  0.07009382 -0.01424675
 -0.06561321  0.19784929 -0.13880496 -0.04383291 -0.01242103  0.12920485
  0.08050953 -0.27512413  0.06966782  0.10620675  0.07783216 -0.17683439
 -0.03735112  0.14810826 -0.00615788 -0.03586748 -0.11311203  0.14428283
 -0.00434767 -0.05505762  0.03415582 -0.05386    -0.01829868  0.11026903
  0.06487337 -0.17692096 -0.11452296  0.29106971  0.03902747 -0.19290618
 -0.15589667  0.21229479  0.21290235 -0.24969478]
[ 0.12956659 -0.11982495 -0.07035079  0.00963052  0.16079967 -0.04208687
 -0.18039143  0.1213468   0.06872107 -0.05204652 -0.08944983  0.01155438
  0.20805578 -0.14776188 -0.10738911  0.04196094  0.19414611 -0.02758799
 -0.25090665  0.0662986   0.14771541  0.05526058 -0.12872718 -0.14904379
  0.15562513  0.11895863 -0.06353939 -0.2234736   0.14000444  0.15352063
 -0.06386271 -0.13825036 -0.07053051  0.29215719 -0.05018161 -0.19811791
  0.02173548  0.1261847   0.09563081 -0.18121128 -0.06537505  0.11655136
  0.1199718  -0.10363153 -0.16917463  0.16482249  0.08670115 -0.04194382
 -0.1747741   0.03862125  0.18830453 -0.05566022 -0.05213357 -0.11767438
  0.11348205  0.09175615 -0.0479163  -0.11263016 -0.0074719   0.15891392
 -0.01926991 -0.11959933 -0.00792108  0.06892422]
[ 0.00256852 -0.00316704 -0.04385954  0.0984719  -0.05289251 -0.05013145
  0.04532259  0.04535535 -0.06004525 -0.00215324 -0.00190398 -0.00440602
  0.10342244 -0.05856292 -0.08982016  0.01624185  0.1184599   0.02636527
 -0.20635772  0.05401068  0.13775447 -0.00437502 -0.14250699 -0.02707601
  0.1751741  -0.0403229  -0.09697338 -0.00678286  0.17180699 -0.07736731
 -0.16537834  0.17420233  0.05259737 -0.09296702 -0.12192121  0.16638238
  0.06910961 -0.15347089 -0.04583972  0.12270237  0.10155387 -0.1759083
 -0.0939992   0.19514353  0.06892281 -0.09942706 -0.17846285  0.13689651
  0.19865951 -0.20389217 -0.0906486   0.11507186  0.15027379 -0.18592835
 -0.0937218   0.15913574  0.08389699 -0.16037645 -0.0809627   0.09899503
  0.24858574 -0.28620375 -0.15816586  0.23062172]
[-0.20020545  0.05986566  0.28787086 -0.02706572 -0.28133671  0.01985354
  0.16308782  0.11666303 -0.18528823 -0.10488573  0.11069804  0.14445911
 -0.0142393  -0.26042278  0.08051754  0.16670385  0.03458433 -0.18962698
 -0.07217876  0.21385453  0.0218038  -0.12266968 -0.08705464  0.10244966
  0.1692267  -0.17202767 -0.08985367  0.06997602  0.14130722 -0.08945434
 -0.13709311  0.12030439  0.06975777 -0.01313456 -0.14138616 -0.04305134
  0.22676279 -0.00613033 -0.14916083 -0.07349729  0.12531727  0.11711767
 -0.10621843 -0.11209954  0.04513613  0.16982294 -0.03923908 -0.1464263
 -0.02409535  0.11128324  0.13040203 -0.1495886  -0.08652206  0.08734731
  0.07149584 -0.03388455 -0.09692993  0.04831406  0.07248422 -0.02744617
 -0.06814915  0.02891615  0.07005753 -0.05592415]
[-0.05837621 -0.02018386  0.09656572  0.0307003  -0.04764131 -0.0475356
 -0.00286572  0.04557452  0.02178949 -0.02772682  0.02959522 -0.03208567
 -0.05658886  0.02142667  0.07087299  0.04659714 -0.07469893 -0.09215452
  0.03473702  0.13429743  0.01380066 -0.1573939  -0.04106293  0.11719675
  0.13304286 -0.1156917  -0.13078032  0.00952291  0.13333994  0.06700702
 -0.14936436 -0.06152224  0.07826086  0.10393205 -0.04397545 -0.11289128
 -0.02229514  0.12239188  0.0825344  -0.12552076 -0.12459127  0.05904487
  0.20971537  0.02906397 -0.2205731  -0.13269602  0.16599915  0.21809403
 -0.02549688 -0.29213164 -0.04288799  0.22670943  0.17438836 -0.12522259
 -0.2540553   0.03876599  0.22652102  0.12970627 -0.18615118 -0.20765088
  0.07192085  0.23452638  0.09028416 -0.23343272]
[ 0.11845643 -0.08175009 -0.13748806  0.07753367  0.13354211 -0.01698613
 -0.15401973 -0.01631193  0.13002718  0.1006509  -0.12543043 -0.15456199
  0.10270129  0.13674146  0.03331315 -0.18573946 -0.08731022  0.15191283
  0.11099101  0.00462217 -0.23842246 -0.02771366  0.20801253  0.08781046
 -0.10218347 -0.20934402  0.05670524  0.19588313  0.09496541 -0.21594848
 -0.19664375  0.22503186  0.16239548 -0.05243243 -0.25994024 -0.00998135
  0.2654664   0.04291338 -0.15613626 -0.15216168  0.10535731  0.17695781
 -0.03781896 -0.14773105 -0.07315377  0.15683795  0.05864487 -0.01988216
 -0.12686973 -0.03203728  0.11116275  0.07088938 -0.04875859 -0.12788053
  0.04862247  0.08266991  0.00167366 -0.05888845 -0.01637467  0.02046336
  0.05233586 -0.04586885 -0.01684191  0.02218764]
[ 0.10378029  0.11929097  0.13196755  0.13605852  0.1320661   0.12076695
  0.10064199  0.07512897  0.04473249  0.01498931 -0.01655284 -0.0438606
 -0.06178488 -0.06860085 -0.07249141 -0.07631288 -0.07510659 -0.07872048
 -0.08507023 -0.09672221 -0.11124423 -0.13262683 -0.15826802 -0.18139599
 -0.19325137 -0.19040102 -0.18462047 -0.17189831 -0.15303786 -0.12456664
 -0.09712614 -0.08197447 -0.06485604 -0.04680798 -0.02276553  0.00434039
  0.0311266   0.05623055  0.08591289  0.1173139   0.13856202  0.15453306
  0.15796877  0.15981479  0.16345568  0.15998471  0.15253011  0.14356171
  0.13607521  0.12570026  0.10859001  0.08008082  0.04592709  0.00423171
 -0.0378448  -0.07369521 -0.10223386 -0.13237776 -0.16193054 -0.18645704
 -0.2101379  -0.22281059 -0.22401167 -0.2052913 ]
[  3.63577601e-02  -1.04979969e-02  -6.48409751e-02  -3.64480630e-02
   6.52187939e-02   7.76717453e-02  -7.58553728e-05  -1.00686342e-01
  -8.41500253e-02   4.87083862e-02   1.19961184e-01   4.98319029e-02
  -1.08035610e-01  -9.92738071e-02   2.77189896e-02   1.18525678e-01
   6.34617568e-02  -9.70722435e-02  -1.22118334e-01   4.05770780e-03
   1.37825299e-01   1.12362924e-01  -7.58725468e-02  -1.83192293e-01
  -5.84333040e-02   1.51707228e-01   1.80082953e-01  -2.52760435e-03
  -2.12230016e-01  -1.46924136e-01   1.24088269e-01   2.26162529e-01
   4.79867901e-02  -1.78365557e-01  -1.95555465e-01   2.65790629e-02
   2.19941747e-01   1.42073920e-01  -9.36787331e-02  -2.28987911e-01
  -8.09391314e-02   1.74485369e-01   1.98721889e-01  -2.82700039e-02
  -1.96779240e-01  -1.17218363e-01   9.20234327e-02   1.90136795e-01
   3.53954394e-02  -1.41925267e-01  -1.54289593e-01   3.09446556e-02
   1.62467392e-01   1.12609577e-01  -6.90865334e-02  -1.88825978e-01
  -8.04383773e-02   1.17112278e-01   1.84561916e-01   2.15842237e-02
  -1.47916367e-01  -1.36776028e-01   1.54127329e-02   1.42036901e-01]
[ 0.14503728 -0.03836749 -0.1724038  -0.04698803  0.10033324  0.14940226
 -0.04387575 -0.1845662  -0.05701046  0.14444197  0.14474684 -0.08001479
 -0.19500983 -0.02587406  0.15713045  0.12737433 -0.07803349 -0.14972552
 -0.04918669  0.12330709  0.11275103 -0.02638648 -0.12595079 -0.08132608
  0.10721909  0.13674686 -0.00706296 -0.13407957 -0.11221017  0.08222285
  0.16486803  0.05012366 -0.15911765 -0.1556088   0.07456985  0.19866534
  0.06930082 -0.18962133 -0.14712051  0.06638705  0.20062741  0.07641267
 -0.1791525  -0.17445755  0.03522514  0.19681127  0.10886906 -0.11452628
 -0.17478052 -0.06253589  0.16672457  0.16235734 -0.05222332 -0.17994633
 -0.07294067  0.14117739  0.13534112 -0.0171782  -0.15327539 -0.08141302
  0.10151852  0.1107831   0.0211309  -0.10557401]
[-0.29733962  0.10708493  0.2752646   0.08746481 -0.16081534 -0.24286681
  0.0598874   0.20419687  0.08830895 -0.15121309 -0.1502016   0.09808472
  0.17049915 -0.00032798 -0.20920183 -0.06973488  0.16830537  0.16452358
 -0.07781248 -0.24753843  0.03670032  0.19002602  0.04209303 -0.12425903
 -0.11135561  0.14520569  0.09360586 -0.0454716  -0.1749744  -0.01897152
  0.19056005  0.0489084  -0.04430815 -0.15610381 -0.00440954  0.1059834
  0.07625672 -0.01607822 -0.1337293  -0.04885125  0.08462089  0.10437192
 -0.01197974 -0.11497625 -0.03168416  0.05098199  0.09822429 -0.01520738
 -0.1195705  -0.0255389   0.06654475  0.11714936 -0.01679248 -0.12723024
 -0.08449533  0.06607679  0.17952158 -0.00750448 -0.13745398 -0.08236991
  0.07963568  0.12342667 -0.0164829  -0.0701863 ]
[ 0.12008743 -0.00949309 -0.12933447 -0.10248751  0.03972313  0.16528904
  0.07108772 -0.1079675  -0.1679095  -0.01891209  0.15769044  0.12737333
 -0.06935358 -0.19136123 -0.07307526  0.1542442   0.19893676 -0.00993878
 -0.20349702 -0.16426986  0.07097566  0.24160216  0.1249773  -0.13420517
 -0.23511501 -0.0710157   0.18408453  0.20108622 -0.00796619 -0.19241461
 -0.1668044   0.06715583  0.18962359  0.09825514 -0.07502231 -0.15923129
 -0.07199468  0.08080485  0.12957601  0.04567346 -0.07621125 -0.10231918
 -0.0129763   0.08857634  0.0644259  -0.00400457 -0.06218172 -0.0519016
  0.0140666   0.06067414  0.0680196  -0.01128821 -0.07412342 -0.06792698
  0.03814521  0.13509325  0.08066855 -0.07210695 -0.18343691 -0.06985159
  0.15310442  0.22349644  0.01697908 -0.24229833]
[-0.27102241 -0.05933152  0.21643318  0.29748225  0.07565646 -0.23803528
 -0.30488752 -0.07555315  0.24132765  0.29259244  0.05580648 -0.20703635
 -0.23608721 -0.00752557  0.17352911  0.14727186 -0.01918093 -0.11822532
 -0.05980029  0.03009957  0.06773656  0.01690573 -0.03704421 -0.03180771
  0.00697807  0.04927342  0.03261613 -0.02016855 -0.06690354 -0.04145844
  0.04104486  0.08249032  0.05333113 -0.04231045 -0.09786308 -0.05724613
  0.03893217  0.11222643  0.06936719 -0.05596174 -0.14342043 -0.08096781
  0.08095622  0.17165479  0.10163222 -0.0914771  -0.19062697 -0.10213866
  0.08278108  0.19170808  0.09767179 -0.06166083 -0.17003687 -0.09384285
  0.03940294  0.10645168  0.0670717  -0.01514826 -0.04431278 -0.03761664
 -0.00751197  0.00422439  0.00701614  0.02372929]
[ 0.15485533  0.0682161  -0.05715922 -0.14732049 -0.13733488 -0.02139547
  0.12148076  0.18384067  0.10703552 -0.06663871 -0.199454   -0.17874477
 -0.00969293  0.16934884  0.20520994  0.06573896 -0.11584226 -0.19521225
 -0.11514439  0.04604958  0.14950219  0.13743919  0.02114614 -0.09430099
 -0.12376413 -0.07608092  0.01305869  0.08027405  0.09988937  0.06650547
 -0.01487094 -0.10672929 -0.14380375 -0.05802312  0.08948201  0.18586341
  0.12380108 -0.0561356  -0.18029848 -0.15582644  0.0093578   0.16173087
  0.16780095  0.02630359 -0.14078283 -0.18514428 -0.06832249  0.1196039
  0.19700405  0.09605423 -0.09673975 -0.20622899 -0.12608616  0.06654399
  0.20067404  0.14604553 -0.04093134 -0.17560781 -0.14213354  0.01739797
  0.13286642  0.10644124 -0.01627548 -0.10158718]
[-0.04711647  0.01091863  0.0345832  -0.00375304 -0.04598552 -0.02741075
  0.05465003  0.10561524  0.04220838 -0.09423926 -0.15715123 -0.06564024
  0.11436075  0.19837757  0.09534159 -0.11346305 -0.22022433 -0.11588301
  0.1056867   0.2407954   0.14837399 -0.08494528 -0.24228281 -0.16909549
  0.07016779  0.24212344  0.19141234 -0.03525608 -0.2253344  -0.21315159
 -0.01431421  0.18593087  0.21486975  0.07222551 -0.1261545  -0.20165525
 -0.11200678  0.04814707  0.15993506  0.13096995  0.01481231 -0.10101825
 -0.12722661 -0.05833893  0.04371078  0.10295116  0.08170673  0.02239722
 -0.04520982 -0.07943376 -0.07526572 -0.02517751  0.056308    0.11639099
  0.10213373 -0.00297734 -0.12443253 -0.15019428 -0.04288949  0.11279316
  0.1778448   0.09489766 -0.06509474 -0.17553915]
[ 0.07341768  0.03911177 -0.04801243 -0.10075411 -0.05947806  0.039345
  0.10997911  0.07400128 -0.0379133  -0.12680331 -0.10922742  0.01138582
  0.12699368  0.14241239  0.02978743 -0.11308848 -0.17424122 -0.10615127
  0.04760734  0.1627667   0.16073003  0.02533938 -0.13487484 -0.19556972
 -0.10941073  0.06651468  0.17874255  0.15576849  0.01927668 -0.11003721
 -0.14149242 -0.07560576  0.0343494   0.08559954  0.07214948  0.02351729
 -0.00822472 -0.00948634 -0.02163906 -0.04357961 -0.06181342 -0.02404598
  0.05631755  0.1131152   0.08566499 -0.03710826 -0.15373149 -0.16641099
 -0.03635602  0.14346716  0.22171783  0.12275654 -0.09394329 -0.25276083
 -0.21469229  0.00331285  0.22694165  0.25306919  0.06503469 -0.18098352
 -0.27139304 -0.13429523  0.1003014   0.24031143]
[ 0.115543    0.14178302  0.1594033   0.167642    0.16366468  0.14723081
  0.12136737  0.08816502  0.05069721  0.00795544 -0.03654752 -0.08245996
 -0.12802264 -0.16994409 -0.20241439 -0.22356482 -0.2386376  -0.24084387
 -0.22891401 -0.20178673 -0.16311434 -0.11613907 -0.06465139 -0.01357328
  0.03204929  0.06864662  0.10042436  0.12656073  0.1490053   0.16785991
  0.18592236  0.20421441  0.21196184  0.20815647  0.19133488  0.16345619
  0.12673811  0.08324206  0.03166563 -0.02164499 -0.06743118 -0.10427121
 -0.12453715 -0.13316078 -0.13150733 -0.11668665 -0.09507034 -0.07087074
 -0.04718605 -0.02257259  0.00214173  0.02539374  0.04059337  0.04984192
  0.05127805  0.0451617   0.03385084  0.0235544   0.01582561  0.00986523
  0.00858403  0.00536869  0.00162945 -0.00570738]
[-0.146781   -0.01627118  0.12359633  0.14337422  0.03246749 -0.10507205
 -0.13828805 -0.05268246  0.0767626   0.13160615  0.07285553 -0.0354899
 -0.09673851 -0.05660116  0.02773712  0.06741314  0.02629876 -0.04433356
 -0.05577682  0.00541005  0.08457808  0.07779275 -0.02154191 -0.12888501
 -0.13691917 -0.00870763  0.14865099  0.20317851  0.07364408 -0.13884941
 -0.25018821 -0.15880673  0.08290493  0.26196347  0.2313915  -0.00241862
 -0.23805506 -0.2812653  -0.09301866  0.1736265   0.28501911  0.15964937
 -0.09222488 -0.24631074 -0.18139278  0.01065105  0.16748957  0.16660545
  0.04345425 -0.08293286 -0.11662386 -0.05376188  0.02456782  0.05034156
  0.013532   -0.02030383 -0.00217904  0.03514759  0.04030212 -0.02168238
 -0.08479074 -0.07669484  0.01631774  0.12609586]
[-0.07924779 -0.08141325 -0.00523234  0.10373821  0.15476238  0.08832273
 -0.06799586 -0.1925815  -0.18324951 -0.0268503   0.16286235  0.23580578
  0.13325194 -0.07760307 -0.2322977  -0.21619926 -0.03919274  0.16210526
  0.23764519  0.13343518 -0.06752632 -0.20382026 -0.17429713 -0.02084184
  0.12655331  0.15413534  0.06812334 -0.04221501 -0.09334928 -0.07126711
 -0.02025458  0.01293106  0.0193172   0.03357184  0.05966601  0.06277311
  0.01038104 -0.08807636 -0.14323878 -0.08758266  0.05575487  0.18135628
  0.17700994  0.02929761 -0.15053751 -0.21815329 -0.1181028   0.08048998
  0.21743822  0.1825201   0.00983793 -0.15995354 -0.18336518 -0.05456836
  0.10188957  0.15308341  0.06753374 -0.06064129 -0.1083526  -0.04138059
  0.06224811  0.08867346  0.01081159 -0.09049528]
[ 0.26362719  0.12538205 -0.07631761 -0.21018287 -0.20207196 -0.07431741
  0.07081352  0.15121096  0.13659417  0.05625913 -0.03855985 -0.10736712
 -0.12450462 -0.08711573  0.00168581  0.0949708   0.13676701  0.1070389
  0.01295449 -0.092425   -0.15640246 -0.12673077 -0.01718691  0.10782687
  0.16545884  0.10606058 -0.01823788 -0.13167119 -0.14880733 -0.06212773
  0.07336161  0.16629673  0.13422293  0.01380043 -0.11028713 -0.14919253
 -0.08578849  0.02468773  0.1127961   0.13039222  0.08899466  0.00678511
 -0.07210295 -0.11612965 -0.1079949  -0.03363874  0.06700214  0.14357832
  0.14272815  0.05590945 -0.07179601 -0.16940169 -0.17139896 -0.0656466
  0.09250523  0.20057277  0.18433589  0.05224457 -0.12497744 -0.23851502
 -0.20645628 -0.05290856  0.13039613  0.22494774]
[ 0.15417917  0.07733533 -0.03320846 -0.12022809 -0.13462999 -0.06898106
  0.03311993  0.11523421  0.12307164  0.05550036 -0.04998644 -0.13290534
 -0.14236744 -0.07570008  0.03669048  0.12928163  0.15471244  0.10124518
 -0.00588526 -0.10753074 -0.15769357 -0.1223774  -0.023351    0.09335655
  0.16922981  0.1585737   0.07026812 -0.05979811 -0.16147892 -0.18511482
 -0.11672512  0.01326794  0.13591577  0.19809985  0.16101072  0.0461068
 -0.09201068 -0.18585277 -0.18420411 -0.09416868  0.04575764  0.16034703
  0.19543216  0.13513309  0.00656727 -0.12192602 -0.19453477 -0.17281266
 -0.07065423  0.06573775  0.17106725  0.18967177  0.11647895 -0.01681476
 -0.13531128 -0.1790254  -0.12677563 -0.00168992  0.12240507  0.18231907
  0.13840689  0.0201785  -0.10682469 -0.17654375]
[ 0.06201547  0.07453712  0.07971223  0.07394858  0.05631458  0.02761907
 -0.00914632 -0.05044482 -0.09247738 -0.12944487 -0.15594307 -0.16730807
 -0.16229087 -0.14300531 -0.11231687 -0.07480785 -0.03130681  0.01387314
  0.05775074  0.09902564  0.13448727  0.16359264  0.18303631  0.19227606
  0.19133068  0.17988941  0.1592442   0.12956028  0.09264855  0.04955955
  0.00245785 -0.04513841 -0.08923808 -0.12652793 -0.1570452  -0.1790178
 -0.19224997 -0.19656452 -0.19032748 -0.17655574 -0.15436617 -0.12493482
 -0.08894106 -0.04549025  0.00298431  0.05338113  0.10209489  0.14497617
  0.17719862  0.1956708   0.1987048   0.18617489  0.1608383   0.12350382
  0.0790435   0.031529   -0.01458007 -0.05482133 -0.08766461 -0.11075661
 -0.12473421 -0.1257789  -0.1143334  -0.09248008]
[-0.10613128 -0.07989661 -0.00194557  0.08612779  0.13758727  0.1201904
  0.04121632 -0.06465858 -0.14388164 -0.15479572 -0.08678809  0.03334597
  0.1488383   0.20015943  0.15158093  0.02347404 -0.11641659 -0.20612978
 -0.20101309 -0.10219077  0.04906572  0.18142942  0.23083837  0.17275266
  0.0352069  -0.11555409 -0.21448212 -0.21411769 -0.11802327  0.03032392
  0.15971308  0.21044973  0.17051865  0.05380135 -0.08743846 -0.19072383
 -0.20942467 -0.13480449  0.0008476   0.13027778  0.19028595  0.15882685
  0.04928156 -0.07678711 -0.16072911 -0.17345287 -0.10854974 -0.00075079
  0.09950936  0.14294956  0.11270699  0.0300947  -0.05805359 -0.11314876
 -0.113065   -0.06414594  0.00513348  0.05622506  0.06895978  0.04504154
  0.0041533  -0.01972029 -0.01524954  0.01019341]
[ 0.23511537  0.16473006  0.0330644  -0.10847725 -0.19737307 -0.19586217
 -0.11739698  0.00434059  0.10773701  0.15794918  0.13506801  0.05501236
 -0.04372426 -0.12763941 -0.16178724 -0.1406894  -0.06612283  0.03435059
  0.12042655  0.16325683  0.13842633  0.06400306 -0.03670602 -0.11954679
 -0.1483284  -0.11777878 -0.03836567  0.05145031  0.12261718  0.14673835
  0.11400674  0.03740882 -0.05459796 -0.11787229 -0.13539807 -0.09531301
 -0.01684707  0.06761307  0.13376253  0.14737315  0.10348632  0.01413258
 -0.08803099 -0.1586061  -0.17530781 -0.12872899 -0.04132569  0.05915848
  0.13395721  0.15614743  0.11796853  0.0292695  -0.07048328 -0.15032218
 -0.16801762 -0.11068345  0.00273578  0.13032958  0.21088958  0.21230243
  0.11843692 -0.02694385 -0.16434338 -0.23772937]
[ 0.25579431  0.21158718  0.09919001 -0.0434681  -0.1663366  -0.22748689
 -0.20751549 -0.11682245  0.01075003  0.12702567  0.1930029   0.18725753
  0.11394136  0.0029154  -0.10046398 -0.16043404 -0.15843684 -0.09746892
 -0.00851949  0.07476516  0.12137649  0.12275571  0.08063795  0.01582013
 -0.04787454 -0.09210789 -0.10004776 -0.07794681 -0.03306432  0.01980285
  0.0662676   0.09462479  0.08883236  0.05347489 -0.0009229  -0.05390258
 -0.08964813 -0.09811939 -0.07642845 -0.03094284  0.03459283  0.09439047
  0.12815942  0.1191356   0.06135728 -0.02495967 -0.11156896 -0.16512798
 -0.16288098 -0.09789699  0.00999978  0.12397035  0.19844452  0.20398919
  0.13686583  0.01668083 -0.11325281 -0.20249131 -0.22379663 -0.17109906
 -0.06172763  0.06634697  0.1681102   0.20457102]
[-0.23764727 -0.21767967 -0.14421582 -0.03522395  0.08067083  0.17243427
  0.22163671  0.21502316  0.1599266   0.07075865 -0.02580248 -0.1029652
 -0.14174555 -0.13107629 -0.08083606 -0.00643793  0.0677361   0.11502777
  0.11964465  0.07902763  0.01119288 -0.06341962 -0.11882279 -0.138183
 -0.11504908 -0.05348915  0.02609885  0.1030864   0.15182525  0.15936387
  0.12218885  0.05067016 -0.03047002 -0.10139356 -0.14039415 -0.13913391
 -0.09898182 -0.03171735  0.04139397  0.09886807  0.12181264  0.10471342
  0.05111588 -0.01945277 -0.08372766 -0.12332592 -0.12034213 -0.07623565
 -0.00341919  0.07284062  0.1259385   0.13863704  0.10262736  0.02781212
 -0.06718151 -0.15633328 -0.21283688 -0.22045942 -0.1703843  -0.07634562
  0.04090146  0.15106315  0.22464548  0.24383444]
[-0.24294131 -0.25745926 -0.23580715 -0.18233668 -0.10453643 -0.01512013
  0.07215275  0.14578648  0.19607044  0.22061489  0.21655724  0.18942055
  0.14596911  0.09318435  0.03574283 -0.01883682 -0.0593735  -0.08516176
 -0.09301693 -0.08717039 -0.07073352 -0.04990258 -0.02962577 -0.01306119
 -0.00036025  0.01192838  0.02099081  0.02898818  0.03334184  0.03261924
  0.02464942  0.00843015 -0.00813165 -0.0245958  -0.03845949 -0.04841283
 -0.05304459 -0.05118664 -0.04089971 -0.02600684 -0.01829228 -0.01901187
 -0.03233686 -0.05203274 -0.07002755 -0.08367081 -0.08453406 -0.06819226
 -0.03306327  0.01628902  0.07315073  0.1306826   0.18364807  0.22077241
  0.23447832  0.22017112  0.17712755  0.10562004  0.01538604 -0.07975855
 -0.16737956 -0.23004107 -0.25838631 -0.24474639]
[  1.24148701e-02   8.17677658e-03   1.14040432e-02   2.38649638e-02
   4.33446999e-02   6.51430343e-02   8.33578662e-02   9.42064162e-02
   9.25198965e-02   7.62551787e-02   4.37917961e-02  -2.11315866e-03
  -5.61465666e-02  -1.10182129e-01  -1.55997462e-01  -1.85753254e-01
  -1.94451372e-01  -1.79675848e-01  -1.40531204e-01  -8.18659024e-02
  -1.04324830e-02   6.29569147e-02   1.29587469e-01   1.78993528e-01
   2.03937225e-01   2.00837981e-01   1.68411726e-01   1.11007600e-01
   3.59653404e-02  -4.62507558e-02  -1.23323773e-01  -1.84291608e-01
  -2.20041629e-01  -2.26352926e-01  -2.01692622e-01  -1.49800617e-01
  -7.70967204e-02   7.21734406e-03   9.04392609e-02   1.62462526e-01
   2.11446247e-01   2.31618712e-01   2.20266960e-01   1.78301918e-01
   1.14339435e-01   3.84001799e-02  -3.79229685e-02  -1.03755405e-01
  -1.50552465e-01  -1.73833451e-01  -1.72567182e-01  -1.49515020e-01
  -1.09476819e-01  -5.90173907e-02  -7.66226496e-03   3.76367936e-02
   7.08394228e-02   8.80756153e-02   8.88970603e-02   7.68878797e-02
   5.75525549e-02   3.49677579e-02   1.38240538e-02  -2.01386336e-04]
[-0.03960226 -0.01675726  0.0135597   0.04427645  0.06682871  0.07416398
  0.06348587  0.03469799 -0.00669192 -0.05436147 -0.09909583 -0.1318786
 -0.14553747 -0.13551986 -0.1008529  -0.04613744  0.01979839  0.08791445
  0.1481305   0.19214555  0.21272724  0.20594246  0.17063606  0.11076812
  0.0337989  -0.04979237 -0.12743712 -0.18787769 -0.22229103 -0.22636743
 -0.1982621  -0.14125937 -0.06589189  0.0180421   0.09933719  0.16700967
  0.21151007  0.22540643  0.20579406  0.15537648  0.08338696 -0.00054955
 -0.08267718 -0.15117034 -0.19614488 -0.21147089 -0.19662626 -0.15632291
 -0.09807692 -0.03057962  0.03555495  0.0914441   0.12873708  0.14462803
  0.13780762  0.11074203  0.0706472   0.02811955 -0.00878043 -0.03399288
 -0.04425073 -0.04066445 -0.02584714 -0.00410737]
[-0.10270952 -0.11144393 -0.09223755 -0.04454603  0.02280056  0.09224274
  0.14393467  0.16341108  0.14331834  0.08699463  0.00406022 -0.08718777
 -0.16446235 -0.20648563 -0.20186555 -0.14812059 -0.05917978  0.04304943
  0.13593034  0.1955536   0.20862571  0.16942882  0.0902437  -0.00971987
 -0.10561084 -0.17130454 -0.1922753  -0.16065968 -0.08516871  0.01469603
  0.11210565  0.17931141  0.20032449  0.16806114  0.09286692 -0.00716538
 -0.10549654 -0.17638354 -0.20256244 -0.17518975 -0.10724802 -0.01428541
  0.07904399  0.14891275  0.18131206  0.16860833  0.11566928  0.036604
 -0.04722221 -0.11676423 -0.156671   -0.16030084 -0.1279378  -0.06833051
  0.00215102  0.06679528  0.11023224  0.12115031  0.10179669  0.06247616
  0.01785528 -0.0200913  -0.04183768 -0.04043801]
[ 0.09537484  0.11608261  0.12273579  0.10928485  0.07481086  0.02117421
 -0.04850702 -0.11928055 -0.17836169 -0.20738782 -0.20122784 -0.15752038
 -0.08374039  0.00364082  0.08485044  0.14380208  0.17330181  0.16519876
  0.12230274  0.05290758 -0.02808046 -0.10430732 -0.1577676  -0.17560981
 -0.15080621 -0.08693773 -0.00379919  0.07936283  0.14221717  0.16889608
  0.15254009  0.09663972  0.02108317 -0.05574766 -0.11439871 -0.14170133
 -0.1315515  -0.08655251 -0.01580037  0.06232472  0.12135655  0.14886789
  0.13394012  0.08172317  0.00604036 -0.07904219 -0.15428259 -0.20132426
 -0.20935584 -0.17819425 -0.11395943 -0.03154202  0.05707371  0.13285872
  0.18397553  0.20448756  0.19203741  0.14711667  0.07923316  0.0063166
 -0.06047758 -0.10596667 -0.12509683 -0.11412232]
