betas =
[ 4.6379961   4.6334286   4.0058692   3.94207053  4.01479671  3.36950391
  4.09964888  3.23145747  4.93302452  5.2511124   6.90941202  9.26033471
  4.12585436  5.87913576  8.07822806  7.38705806  4.81909631  7.82517696
  6.83740022  6.99843866  6.37205272  5.88424495  6.70471028  5.67794331
  3.11005965  4.91330255  5.3562344   5.27606678  5.05082771  4.49991906
  4.59233152  4.8820751   5.48293035  5.89074422  6.3868827   5.62823553
  5.13789439  5.31131723  5.59652986  5.58056927  6.24149048  4.39191461
  4.63890238  5.90170816  4.59669868  4.85350157  5.46642532  4.363048
  5.334898    5.50095576  4.61044185  5.29571102  5.98648565  5.89795656
  5.97167065  5.1954417   6.18965893  4.89116793  6.21676941  2.91547188
  5.86873258  5.8619982   5.87008157  6.0772841 ]
W = 
[-0.02032062 -0.0205348  -0.01077773  0.00651826  0.02609299  0.04166856
  0.04682923  0.03682193  0.01144363 -0.02377288 -0.05919436 -0.08419534
 -0.089746   -0.07066197 -0.02793585  0.0300656   0.08909526  0.13294343
  0.14800932  0.12697281  0.07104931 -0.00951373 -0.09700595 -0.16992178
 -0.20823906 -0.1992535  -0.14177991 -0.04661058  0.06631733  0.17179481
  0.2437225   0.261674    0.21846507  0.12338725 -0.00167414 -0.12882144
 -0.22882762 -0.27638868 -0.25868911 -0.18176411 -0.0672885   0.05668785
  0.1622984   0.22555002  0.23259711  0.18609979  0.10349333  0.00805586
 -0.07813907 -0.13682214 -0.15691931 -0.13882969 -0.09356924 -0.03642639
  0.01826076  0.05886604  0.07813627  0.07551556  0.05662993  0.03004148
  0.00381392 -0.01592292 -0.0257232  -0.02560695]
[-0.00039502  0.01235843  0.02385579  0.02922145  0.02402516  0.00720525
 -0.01744373 -0.04276258 -0.06070005 -0.06405139 -0.04829269 -0.01408611
  0.03150674  0.07664553  0.10829813  0.11577975  0.09346572  0.04282718
 -0.02666253 -0.09887889 -0.15494931 -0.17849048 -0.16032198 -0.10119403
 -0.01189779  0.08878202  0.17746352  0.23105502  0.23326753  0.18046279
  0.08304524 -0.03808647 -0.15638629 -0.24385301 -0.27709404 -0.24582241
 -0.15779354 -0.03510341  0.09390299  0.20021531  0.25854085  0.25487912
  0.19324809  0.09338572 -0.01865811 -0.11758523 -0.18193606 -0.19876996
 -0.16908447 -0.10675396 -0.0309012   0.04035608  0.09210463  0.11496343
  0.10823812  0.07954403  0.04016304  0.00082742 -0.02984482 -0.04640438
 -0.048095   -0.03865339 -0.02379706 -0.00876908]
[-0.1741581  -0.21481406 -0.20894068 -0.15440044 -0.06216897  0.0479325
  0.151918    0.22631757  0.25401491  0.22752137  0.15430444  0.05268049
 -0.05468175 -0.14654792 -0.20563999 -0.22086733 -0.19091258 -0.12551715
 -0.04220851  0.04013176  0.10552738  0.14261653  0.14738388  0.12408077
  0.0823474   0.033454   -0.01182787 -0.04456652 -0.06061396 -0.06195276
 -0.0544586  -0.04396526 -0.03458814 -0.02835037 -0.02460628 -0.02019042
 -0.01121324  0.00484345  0.02789604  0.0546239   0.07881486  0.09271544
  0.08980023  0.0671497   0.02659103 -0.02592043 -0.08087479 -0.12633385
 -0.15070917 -0.14611696 -0.11064544 -0.04920579  0.0273614   0.10437699
  0.16582616  0.19698504  0.18772469  0.13734586  0.05468007 -0.04103672
 -0.12666279 -0.1824566  -0.19724709 -0.16927783]
[ 0.04125653 -0.03547666 -0.11759317 -0.18673551 -0.2239481  -0.21560162
 -0.15965268 -0.06710253  0.0420828   0.14564974  0.22234324  0.2560181
  0.23903841  0.17544074  0.0805433  -0.02467832 -0.11960325 -0.18689954
 -0.214978   -0.20131321 -0.15333198 -0.08456877 -0.01026032  0.05537732
  0.10143417  0.12270946  0.12085365  0.10225145  0.07454263  0.04448455
  0.01752562 -0.00348    -0.01904917 -0.03191636 -0.04489105 -0.0591066
 -0.07299673 -0.08250552 -0.08261381 -0.0694087  -0.04148021 -0.00062058
  0.04795788  0.09578261  0.13243226  0.14811804  0.13646311  0.09684826
  0.03515329 -0.03774432 -0.10841404 -0.16273729 -0.18814338 -0.17707457
 -0.12995054 -0.05589398  0.02939623  0.10837941  0.1647975   0.1870851
  0.17088473  0.12100826  0.05106601 -0.02070409]
[ 0.11805364  0.20053611  0.23273707  0.19936945  0.10395861 -0.02663962
 -0.15012342 -0.22747207 -0.23648691 -0.17592689 -0.06872821  0.04610529
  0.13164721  0.16565123  0.1434004   0.07774201 -0.00436339 -0.07225273
 -0.10388333 -0.09207861 -0.04405208  0.02147714  0.07982432  0.10993888
  0.10157268  0.05718619 -0.00853904 -0.07290442 -0.11439358 -0.12065905
 -0.09053955 -0.03384352  0.03058703  0.08154447  0.10390623  0.09246823
  0.05264341 -0.00040736 -0.04712193 -0.07174953 -0.06653734 -0.0333924
  0.01488858  0.0585875   0.08076648  0.07252644  0.03268208 -0.0299253
 -0.09577762 -0.14214623 -0.1514902  -0.11437749 -0.0332705   0.0730009
  0.1735741   0.23636401  0.23622189  0.16446374  0.03928767 -0.09836499
 -0.20769525 -0.25905408 -0.23598032 -0.14778452]
[-0.07106448 -0.12816079 -0.17049893 -0.1884332  -0.17783577 -0.14039848
 -0.08289181 -0.01541795  0.05142928  0.10805935  0.14837705  0.16939218
  0.17081605  0.15496275  0.12617244  0.08900888  0.04701073  0.0028041
 -0.04124877 -0.0824266  -0.11771302 -0.14417315 -0.15851035 -0.15718145
 -0.13809384 -0.10203393 -0.05271138  0.0043482   0.06239125  0.11382237
  0.15117977  0.16898819  0.16543459  0.14274903  0.10613798  0.06198319
  0.01621547 -0.02673561 -0.06412128 -0.09458515 -0.11745794 -0.13227788
 -0.13840873 -0.13493313 -0.12054744 -0.09410112 -0.05541692 -0.00600655
  0.05024666  0.10708197  0.15657075  0.19032495  0.20121403  0.18524089
  0.14274318  0.07807555 -0.00093041 -0.08227738 -0.15173087 -0.19558137
 -0.20627022 -0.18453513 -0.13796084 -0.07739475]
[ 0.23383115  0.22157695  0.13698987  0.00698686 -0.12110834 -0.2015839
 -0.20680605 -0.13686993 -0.02391077  0.0847625   0.14791003  0.14663547
  0.08540655 -0.01012626 -0.10363302 -0.16252471 -0.16803968 -0.11801563
 -0.02671991  0.07635961  0.1565653   0.18968625  0.1671129   0.09616386
  0.00200392 -0.08104474 -0.12698589 -0.12668312 -0.08534233 -0.02123388
  0.03921757  0.07321267  0.07062625  0.03365167 -0.02380936 -0.07853745
 -0.10809192 -0.09994527 -0.05368725  0.01806078  0.090088    0.13686432
  0.14370506  0.10774253  0.03862516 -0.04097714 -0.10458829 -0.13372583
 -0.1203018  -0.06598979  0.01419113  0.09316406  0.1421276   0.14118056
  0.08132601 -0.02539482 -0.13799482 -0.21273828 -0.21963919 -0.14823803
 -0.01675241  0.12313173  0.22093164  0.2499176 ]
[ 0.04711944 -0.04161831 -0.12659939 -0.18757451 -0.2121401  -0.20062279
 -0.16252737 -0.11138992 -0.06214733 -0.02428311  0.00060646  0.01883171
  0.03805491  0.06352636  0.09599771  0.13166019  0.16272999  0.17954267
  0.17375052  0.14205541  0.08762731  0.01920835 -0.05183638 -0.11435395
 -0.15945506 -0.18192355 -0.18139165 -0.16242878 -0.13162307 -0.09521575
 -0.05755671 -0.02085602  0.01492375  0.05060515  0.08626262  0.12025013
  0.14941607  0.16894175  0.1736054   0.15954258  0.1259958   0.07576546
  0.01524348 -0.04700377 -0.10243107 -0.14347118 -0.16538302 -0.16800927
 -0.15530226 -0.13238673 -0.10407719 -0.0742919  -0.04460352 -0.01283702
  0.0249204   0.07073266  0.12169503  0.17131808  0.20790399  0.2186173
  0.19457082  0.1347218   0.04892159 -0.04321048]
[-0.00069782 -0.04658059 -0.08340746 -0.09325788 -0.06676372 -0.00915149
  0.054667    0.09396679  0.08854829  0.03494056 -0.04422808 -0.10640851
 -0.11675501 -0.06229105  0.03971633  0.13913975  0.18245802  0.14145911
  0.02392678 -0.11738287 -0.20992224 -0.20644804 -0.1007432   0.06215952
  0.19834213  0.24057018  0.1671829   0.00632155 -0.16194143 -0.25325183
 -0.22964033 -0.10144193  0.07130325  0.20090751  0.23148011  0.15784467
  0.01559806 -0.12388371 -0.19257166 -0.16663813 -0.06333217  0.06919689
  0.16749732  0.18945657  0.13109534  0.01905992 -0.09647178 -0.16483968
 -0.163588   -0.10014169 -0.00393628  0.08126226  0.12001021  0.10230398
  0.0405807  -0.03607212 -0.09241539 -0.10526642 -0.07175918 -0.00803479
  0.05837561  0.10113375  0.10638449  0.07683422]
[-0.08313615 -0.09375256 -0.06559998 -0.00466868  0.06236072  0.10419587
  0.09937457  0.04338831 -0.03873121 -0.10464246 -0.12024475 -0.07156557
  0.02481891  0.11988771  0.16347598  0.12917348  0.02259949 -0.10691962
 -0.19173137 -0.18819875 -0.08903364  0.06362736  0.18945737  0.22480902
  0.14904923 -0.00892531 -0.1680308  -0.24590539 -0.20696437 -0.0653326
  0.11024473  0.22818313  0.23635319  0.13504696 -0.02745094 -0.1665352
 -0.21569476 -0.16072184 -0.03114654  0.10813289  0.18727407  0.17415326
  0.08043206 -0.04910369 -0.15167113 -0.18181584 -0.13272026 -0.02916048
  0.08064385  0.14604815  0.14320548  0.07976212 -0.01311605 -0.09107345
 -0.11957992 -0.09088016 -0.0223465   0.05260304  0.09894553  0.0988043
  0.05633295 -0.00571077 -0.05828358 -0.08137557]
[-0.05426153  0.00137985 -0.03171784 -0.01384341 -0.04859342  0.00049119
 -0.11184027  0.03813856 -0.13683792  0.02153264 -0.10551337 -0.01499896
 -0.10847088  0.01662887 -0.17980328  0.07728025 -0.21999005  0.07051184
 -0.18025007  0.01801241 -0.15468777  0.03051915 -0.21305789  0.09105021
 -0.25213218  0.08739115 -0.20993785  0.01799056 -0.152792   -0.0111495
 -0.16208131  0.01240074 -0.17690557 -0.00282162 -0.1369178  -0.057095
 -0.08417187 -0.10005719 -0.05876707 -0.11350243 -0.0401753  -0.14291194
  0.00359058 -0.1812445   0.03275111 -0.18505211  0.03397205 -0.19351021
  0.06567161 -0.22615142  0.10522219 -0.23715296  0.10947852 -0.21269712
  0.08653822 -0.17965929  0.08071675 -0.18574041  0.10803656 -0.1820116
  0.1134214  -0.1403164   0.07955324 -0.09163799]
[-0.03774461  0.05320298 -0.04014036  0.03010293 -0.03181103  0.04550728
 -0.06771157  0.09093741 -0.10347663  0.11938935 -0.12116642  0.12517008
 -0.11507988  0.11245312 -0.10322456  0.11901747 -0.13193368  0.16574193
 -0.17255542  0.1806689  -0.1475646   0.13221184 -0.11123401  0.14691755
 -0.16103736  0.20217637 -0.18758244  0.19589766 -0.14840738  0.14150843
 -0.09226596  0.11207401 -0.09648586  0.15095944 -0.13899429  0.17686192
 -0.12663255  0.13052272 -0.06238576  0.08505211 -0.05258733  0.12139501
 -0.11713761  0.18778328 -0.14628242  0.16079433 -0.07775749  0.09621898
 -0.052051    0.11859772 -0.10780071  0.17965615 -0.15561585  0.18634889
 -0.12249779  0.12942323 -0.07564458  0.10073826 -0.07557836  0.1195049
 -0.10936211  0.12772572 -0.10166628  0.07406806]
[ 0.27536096  0.29721418  0.19671704  0.02382296 -0.129027   -0.18754961
 -0.13534408 -0.00861684  0.1093224   0.15263916  0.09838975 -0.02170357
 -0.14320002 -0.20489157 -0.18085585 -0.08496546  0.0308153   0.11244252
  0.12485795  0.0743874  -0.0042556  -0.06516276 -0.07766283 -0.03793459
  0.02607572  0.08066338  0.09630798  0.07016286  0.02139842 -0.0196157
 -0.03167887 -0.01023928  0.02371427  0.04362285  0.02971365 -0.01647921
 -0.07293588 -0.10457271 -0.09137665 -0.03385257  0.04021204  0.08660298
  0.07491131  0.00891183 -0.07994752 -0.13659937 -0.11971135 -0.02582226
  0.10414164  0.20364541  0.21625896  0.13243438 -0.01080523 -0.13669374
 -0.17599175 -0.10865526  0.02527627  0.14867149  0.18307527  0.10544498
 -0.05035996 -0.20516572 -0.27933297 -0.23725855]
[ 0.04244583  0.07452018 -0.02670952  0.07921294  0.0190844   0.08050589
  0.02683579  0.14858644 -0.0310471   0.19461367 -0.02449246  0.16289761
  0.0451016   0.13310466  0.03774742  0.20534932 -0.02954481  0.2363023
  0.01026777  0.15716734  0.09862652  0.12028664  0.08065851  0.19262385
  0.01593085  0.20748681  0.07487079  0.10627758  0.17309646  0.07313247
  0.13757793  0.15368324  0.07785437  0.15271712  0.14731963  0.04699811
  0.24246508  0.01272122  0.20491244  0.09465013  0.1291044   0.10766878
  0.18381961  0.00947687  0.25567124 -0.01466311  0.21447071  0.05052948
  0.14663013  0.06085409  0.17657596 -0.01949658  0.2257572  -0.03977419
  0.17018195  0.02145146  0.1101291   0.02633441  0.12490161 -0.04838156
  0.13930631 -0.05518768  0.07554007  0.04675471]
[ 0.09327943 -0.1315027   0.18075253 -0.17575216  0.19508329 -0.12677342
  0.11944942 -0.05681691  0.118865   -0.13556249  0.22844654 -0.20055813
  0.20876628 -0.09769874  0.07115202  0.0249855   0.02985916 -0.03877706
  0.1409618  -0.10790308  0.10988528  0.02254134 -0.0614302   0.16186987
 -0.10743329  0.09711267  0.01308509  0.02019788 -0.02507212  0.16377512
 -0.19237192  0.27601673 -0.20100717  0.18036367 -0.05790051  0.07568453
 -0.06555304  0.19757781 -0.20919094  0.26419833 -0.16865199  0.13813323
 -0.01431172  0.01515322  0.01221434  0.09385783 -0.10370024  0.15010601
 -0.05921338  0.01937296  0.07978647 -0.07966901  0.11358135 -0.05189124
  0.04124999  0.00619898  0.03876033 -0.05749125  0.10561468 -0.10211153
  0.10594539 -0.08300968  0.08453949 -0.0416262 ]
[-0.0736512   0.04750896 -0.00508563 -0.06965554  0.04271228 -0.02760841
 -0.10074123  0.13136619 -0.18113696  0.08173068 -0.03146772 -0.10172794
  0.0643297  -0.03896436 -0.12963814  0.15744791 -0.20987469  0.06899638
  0.00191242 -0.15630507  0.1072459  -0.07680906 -0.10601301  0.12583926
 -0.16252044  0.00045944  0.07474485 -0.22881085  0.17699116 -0.14632542
 -0.0419266   0.06732892 -0.10544796 -0.06622285  0.13891428 -0.27215684
  0.19884195 -0.16103511 -0.02997259  0.07353029 -0.13543061 -0.02056856
  0.09308789 -0.21281495  0.12863079 -0.07003265 -0.11165101  0.15605803
 -0.21408817  0.08540487 -0.00579171 -0.09279589  0.01151104  0.06438984
 -0.20173857  0.2259741  -0.24287733  0.14996113 -0.08726735  0.03712266
 -0.05199267  0.08797971 -0.14283656  0.08658747]
[-0.2208054  -0.12512507  0.02788952  0.16079929  0.20623396  0.13824232
  0.00554099 -0.1143473  -0.1471731  -0.07906266  0.04765443  0.15565659
  0.18191407  0.11227611 -0.01031572 -0.1217662  -0.15932729 -0.11381134
 -0.01741945  0.07308626  0.10753803  0.07005967 -0.00630066 -0.07981099
 -0.10307406 -0.06759861  0.00267077  0.06509503  0.08456758  0.0497299
 -0.01056136 -0.05591889 -0.05259429  0.00343071  0.0771942   0.12019521
  0.09713514  0.01265029 -0.08939532 -0.14623287 -0.11908776 -0.01418333
  0.10452107  0.16697959  0.12179553 -0.01023776 -0.15720369 -0.22785564
 -0.17468541 -0.01432615  0.15764511  0.24889649  0.20312278  0.05020539
 -0.1184672  -0.20096621 -0.1527968  -0.0032156   0.15414115  0.2302637
  0.17921681  0.03461087 -0.12462163 -0.21993708]
[-0.02334143  0.03787138 -0.03696566 -0.03619161  0.10753886 -0.18915141
  0.18759318 -0.15584532  0.03815914  0.02687481 -0.06097934 -0.04396774
  0.1317634  -0.23990421  0.20788107 -0.14924599 -0.01180634  0.09025103
 -0.14980639  0.03833613  0.06136027 -0.18761343  0.13800763 -0.05802802
 -0.11704812  0.18145755 -0.22340769  0.10194277  0.00432346 -0.14342073
  0.10757154 -0.02450638 -0.15140045  0.19675586 -0.20320669  0.06156776
  0.04722172 -0.17941437  0.15468848 -0.08271363 -0.09380045  0.1494571
 -0.14504695 -0.0113982   0.12223247 -0.22491833  0.17876956 -0.09845796
 -0.06384133  0.13144392 -0.14238054  0.01068994  0.09072986 -0.15324853
  0.09066248 -0.00430009 -0.12398468  0.17653203 -0.18121389  0.11126781
 -0.04413828 -0.0010439  -0.0121966   0.0090675 ]
[-0.04662888  0.09207735 -0.10876685  0.15012155 -0.17526077  0.18181278
 -0.16993102  0.15093708 -0.09061496  0.05214473  0.00296806  0.01286823
 -0.04183488  0.12479123 -0.1353547   0.11440539 -0.00091818 -0.07357671
  0.16623075 -0.15900086  0.13021067 -0.0269328  -0.02839137  0.04839183
  0.03404185 -0.10354267  0.16789542 -0.17053981  0.13306249 -0.07432447
  0.01304145  0.03550603 -0.07632995  0.08523931 -0.11104082  0.08023919
 -0.0638075  -0.01714274 -0.00398272  0.04998849 -0.18496988  0.21638315
 -0.26723407  0.15909215 -0.09975427 -0.05242946  0.05070556 -0.0469253
 -0.12977277  0.176159   -0.24162846  0.08405629  0.00853907 -0.17809412
  0.16724489 -0.15960312 -0.00837894  0.06937129 -0.12635059 -0.01875346
  0.13199796 -0.24934395  0.23098514 -0.14164924]
[ 0.11553847 -0.18172558  0.2230341  -0.1682398   0.12076224  0.01025062
 -0.02083017  0.03309133  0.10583548 -0.16251278  0.23809189 -0.13010202
  0.05346348  0.12390054 -0.14784132  0.17171202 -0.01234153 -0.06565693
  0.15187494 -0.04038586 -0.05114359  0.21536009 -0.22759706  0.23316021
 -0.10554366  0.04386169  0.03517937  0.01523401 -0.04033883  0.10068314
 -0.04564387  0.00740172  0.06696291 -0.05884652  0.05546201 -0.03543231
  0.07889956 -0.11837211  0.17312447 -0.18616291  0.14822566 -0.06292621
 -0.03096703  0.04022194  0.02344321 -0.14695134  0.19865098 -0.19477365
  0.08514898  0.01382846 -0.13554122  0.1426656  -0.09627944 -0.0403112
  0.11168331 -0.11759678 -0.00289951  0.1160105  -0.21871608  0.22356701
 -0.18644194  0.10113357 -0.02473821 -0.01956649]
[-0.13373952  0.16136082 -0.11526679 -0.00050054  0.02589745 -0.04601865
 -0.08013539  0.12406845 -0.19765057  0.11305728 -0.05063498 -0.12016085
  0.17078107 -0.20345435  0.03363004  0.0533008  -0.12010349 -0.00903283
  0.12070409 -0.26446717  0.25530221 -0.22181524  0.07705307  0.02356311
 -0.10765493  0.05177676  0.04829337 -0.13448304  0.0996628  -0.01637296
 -0.05622672  0.08060647 -0.07187785  0.09735351 -0.09533212  0.1212281
 -0.08843012  0.08736778 -0.00067727 -0.0353727   0.13890144 -0.07443557
  0.02748856  0.1312923  -0.09343719  0.07073063  0.11603141 -0.16182372
  0.2692679  -0.15352931  0.09971727  0.09611184 -0.11795792  0.13261259
  0.05231208 -0.13133286  0.22553821 -0.13325219  0.05352463  0.1082987
 -0.17243781  0.20873546 -0.13991286  0.07860895]
[ 0.02607799 -0.03529726  0.14094799 -0.1859152   0.22991052 -0.14418244
  0.0934766   0.0736547  -0.09371222  0.14216063  0.01961221 -0.07801049
  0.20296914 -0.07442021  0.00665669  0.20643344 -0.21952526  0.28294205
 -0.12346833  0.06084011  0.10655773 -0.0786034   0.0849814   0.03566003
 -0.01371661  0.04481528 -0.00151981  0.02702263  0.03126211 -0.07739595
  0.15848898 -0.19112264  0.19601889 -0.16476615  0.08187349  0.00060316
 -0.11273239  0.07384086  0.00232685 -0.16427229  0.16009418 -0.1466049
 -0.03752605  0.10105193 -0.24835604  0.18441619 -0.17802089  0.01745034
 -0.05199308  0.01459538 -0.14307882  0.06626706 -0.06927727 -0.06028362
  0.01499438 -0.03104566 -0.06626415  0.01487994 -0.00967202 -0.11279936
  0.16947761 -0.23159942  0.1832615  -0.10761826]
[ 0.15341322 -0.21156747  0.1726465  -0.03850617 -0.02180767  0.06067683
  0.06035209 -0.11626642  0.18987536 -0.11820509  0.05024891  0.10047039
 -0.14740809  0.17415633 -0.08025306  0.06523996 -0.05269973  0.09892737
 -0.0853423   0.03847891  0.05687819 -0.10347737  0.07355125  0.02034983
 -0.11247518  0.09912046 -0.02981625 -0.12459567  0.22626623 -0.27603012
  0.17458008 -0.0571176  -0.12138689  0.13611624 -0.07614956 -0.11898119
  0.19588465 -0.22527297  0.08916742 -0.00090348 -0.13740711  0.14325627
 -0.18092801  0.12079247 -0.13120485  0.08447434 -0.10925968  0.02814135
  0.01378896 -0.08924724  0.0236649   0.05104819 -0.15302522  0.12266285
 -0.05139646 -0.09121704  0.19728814 -0.26553809  0.2029031  -0.09264803
 -0.03436002  0.0995154  -0.0850842   0.01517093]
[ 0.08538479 -0.1157337   0.15701636 -0.05248287 -0.0173883   0.2072551
 -0.19681394  0.23470264 -0.04548778  0.01266261  0.17925142 -0.08603453
  0.08117534  0.15661815 -0.10612977  0.13738253  0.09695479 -0.07143045
  0.14978301 -0.03711295  0.14270648 -0.09842765  0.17306857 -0.08581267
  0.09685831  0.02680085 -0.0837506   0.1659828  -0.08781863 -0.04419887
  0.17057047 -0.14657164 -0.01108961  0.15419368 -0.27249282  0.24214549
 -0.18547737  0.00981505  0.07935925 -0.1785223   0.05974489 -0.00827535
 -0.07211005 -0.06455207  0.0843483  -0.12118403 -0.03171351  0.02331376
 -0.03577698 -0.117384    0.13166375 -0.18034641  0.0720323  -0.00632222
 -0.16036029  0.20555877 -0.207051    0.0568215   0.06406875 -0.12550871
  0.05188702  0.06678349 -0.13644664  0.07462037]
[  7.12565589e-02   1.87179747e-01   2.31128567e-01   2.20197607e-01
   1.60033197e-01   1.17516898e-01   1.05183884e-01   1.27605865e-01
   1.38401888e-01   1.34397421e-01   8.80138941e-02   2.46168724e-02
  -4.00196251e-02  -8.95631875e-02  -1.09721335e-01  -1.15588936e-01
  -1.17480748e-01  -1.31888771e-01  -1.49721083e-01  -1.72387433e-01
  -1.73056192e-01  -1.58506304e-01  -1.20644603e-01  -7.73893228e-02
  -3.33703163e-02  -3.39705930e-03   2.30284645e-02   3.98327838e-02
   6.34889492e-02   9.73441931e-02   1.32387392e-01   1.64132878e-01
   1.73069487e-01   1.55855989e-01   1.19429668e-01   8.01723115e-02
   4.40196135e-02   2.83960454e-02   1.45688338e-02  -1.45491856e-04
  -3.25565086e-02  -8.49652614e-02  -1.37318195e-01  -1.77624372e-01
  -1.82453717e-01  -1.59614750e-01  -1.21534854e-01  -9.92353109e-02
  -9.41174141e-02  -1.02386104e-01  -9.30002630e-02  -5.53267578e-02
   1.52774906e-02   8.96215770e-02   1.42775415e-01   1.55773638e-01
   1.36801198e-01   1.13975781e-01   1.14754522e-01   1.49497700e-01
   1.95358918e-01   2.14213005e-01   1.72691709e-01   7.36862728e-02]
[ 0.23429898  0.19027674  0.02713395 -0.10620603 -0.15942664 -0.08239868
  0.05082106  0.1500022   0.12690486  0.02139672 -0.12464407 -0.18589328
 -0.14571575 -0.02700835  0.09347329  0.12870953  0.07131887 -0.04003751
 -0.12636903 -0.13191645 -0.05253772  0.05790393  0.1334508   0.12434823
  0.04706147 -0.05270961 -0.10522494 -0.07687662  0.01242545  0.10871988
  0.13634775  0.08277976 -0.03134198 -0.13146135 -0.14847606 -0.07011794
  0.05339985  0.14511004  0.1269538   0.013766   -0.12738765 -0.20664435
 -0.14654957  0.0006964   0.15665149  0.20500651  0.11695683 -0.0515806
 -0.17710663 -0.18003343 -0.04058182  0.13221411  0.2284162   0.18726903
  0.02069585 -0.12650972 -0.17130009 -0.08218233  0.06292545  0.15503624
  0.11522444 -0.0114664  -0.16537291 -0.21597708]
[ 0.10803287 -0.07268591 -0.00463927  0.19202489 -0.22023746  0.26710259
 -0.09072207  0.05008876  0.11980159 -0.06621282  0.12891552  0.04961241
  0.00421884  0.04567986  0.17281099 -0.11403802  0.12952349  0.09108998
 -0.01747583  0.00775123  0.198868   -0.1268509   0.11776949  0.06708899
 -0.11178405  0.23864835 -0.16619081  0.08665414  0.08918206 -0.08202981
 -0.02209506  0.17527513 -0.1695396   0.02829588  0.09665346 -0.11078645
 -0.01840427  0.07159525 -0.09849801 -0.02678158  0.07229419 -0.22474341
  0.21539448 -0.2165853  -0.03492767  0.09778212 -0.16793004 -0.06776048
  0.09213043 -0.13740756 -0.08823768  0.08133864 -0.14817738 -0.0089616
 -0.03643394 -0.02103818 -0.09123858  0.08793188 -0.20156305  0.12689806
 -0.06218444 -0.12907261  0.19940497 -0.15666487]
[-0.00749492 -0.13840879  0.21455862 -0.24696203  0.11244949 -0.04539965
 -0.16661244  0.16921876 -0.2264689   0.01963429  0.00066067 -0.08515094
 -0.13267538  0.10903143 -0.17628728 -0.03134672 -0.02932282  0.00135861
 -0.17203225  0.07202133 -0.08165857 -0.09712869  0.12140134 -0.26503859
  0.17729551 -0.08171914 -0.10203063  0.06273129  0.02855438 -0.16491631
  0.12302656 -0.00676073 -0.04752806  0.00076095  0.07325269 -0.0227255
 -0.01816266  0.12846478 -0.14958544  0.25647885 -0.16418332  0.10594495
  0.11622715 -0.09706999  0.09564403  0.11049764 -0.00861399 -0.00624157
  0.14993714  0.00167413  0.02691164  0.03855847  0.12505958 -0.10814081
  0.21630168 -0.12614733  0.12097838  0.05542348 -0.14920481  0.25291293
 -0.16755771  0.06133798  0.05314733 -0.02763617]
[ 0.183185   -0.17987659  0.08702916  0.0909381  -0.05782988  0.05724039
  0.1686056  -0.12788426  0.14727586  0.10966517 -0.14743649  0.27523176
 -0.06105907  0.07897033  0.04439737  0.13226478 -0.0949341   0.20199908
 -0.05075456  0.02856387  0.17396685 -0.12181624  0.0944026   0.07613246
 -0.02745047 -0.05997509  0.20636576 -0.15392415  0.0271051   0.09401569
 -0.08325528 -0.02175703  0.06643844 -0.09982488  0.01899952  0.02677655
 -0.20585428  0.24009263 -0.25316525  0.00941504  0.01050007 -0.05245399
 -0.11374311  0.00595633 -0.00181637 -0.18384717  0.0324693  -0.03018552
 -0.12130259 -0.04917487  0.03573023 -0.18854096  0.12152908 -0.22655511
  0.09705756 -0.09011702 -0.06395685  0.03974348 -0.10219407  0.09026706
 -0.18283146  0.19820876 -0.19085975  0.05758987]
[ 0.00700696 -0.14693974  0.14474224 -0.14734475  0.03112534 -0.09113383
  0.01808396 -0.12420232  0.00716143 -0.0747118  -0.12397367  0.0886167
 -0.30349221  0.12896276 -0.13014907 -0.14618528  0.00586584 -0.07699639
 -0.10468465 -0.10327757  0.03582078 -0.1802309  -0.02073921 -0.03243625
 -0.0773966  -0.07590073  0.04165119 -0.18738788  0.11637223 -0.07612439
 -0.12471143  0.1840678  -0.15952865  0.05244251 -0.02292915  0.09554571
 -0.07874736  0.08550118  0.06757876 -0.07298551  0.22307385 -0.13658937
  0.14848112  0.13644984 -0.06743591  0.10125365  0.22238644 -0.12990904
  0.14909131  0.14329986 -0.00174391  0.08309775  0.10446351  0.0697586
 -0.01805028  0.21302075 -0.14086094  0.2098985   0.01310264 -0.10137818
  0.27713489 -0.14886571 -0.02478685  0.13417573]
[ 0.01034861 -0.132096    0.05656089  0.03799614 -0.24037145  0.22194688
 -0.26889459  0.04909171 -0.03475012 -0.16918296  0.06901868 -0.17662786
  0.00346075 -0.17078294  0.06179973 -0.19266637 -0.05273453  0.00984502
 -0.15827676 -0.09245389  0.05440639 -0.18277426 -0.0478225   0.05703242
 -0.20144577  0.09233071 -0.15124002  0.07260046 -0.11670132  0.03099722
  0.00143051 -0.07226969  0.13882643 -0.19604626  0.22276518 -0.08636568
  0.00961043  0.10296317  0.04368786 -0.04671634  0.13194539  0.09449693
 -0.09352154  0.18510393  0.06197563  0.02680009  0.0441792   0.18832324
 -0.11164425  0.24476177 -0.04812268  0.06991483  0.17563807 -0.11053084
  0.18265052 -0.00852055  0.07859647 -0.04635419  0.17187299 -0.07916346
  0.03558169  0.10435723 -0.13348609  0.11668114]
[-0.028309    0.03336134  0.13989279 -0.20513575  0.1881536   0.02600529
 -0.10396799  0.22722942 -0.10732624  0.16662489 -0.07372892  0.16659587
  0.00079801  0.05648783  0.09574088 -0.04368655  0.22635495 -0.08371724
  0.06290536  0.15456459  0.00539236 -0.07234409  0.25631031 -0.10418713
  0.04314097  0.06819764  0.03607824  0.0247558  -0.08646143  0.18678466
 -0.18668919  0.1577318  -0.12938138  0.05329935  0.04083053 -0.22258139
  0.14954398 -0.06266966 -0.11131744 -0.03770232  0.06851206 -0.17319703
 -0.05623554 -0.00266494 -0.01704538 -0.21133822  0.04367354 -0.03493001
 -0.18980385  0.11038318 -0.25618986  0.13175704 -0.17986949 -0.04738174
  0.03821242 -0.12810176  0.0279942  -0.13526888  0.12772828 -0.18350949
  0.05854037  0.05236824 -0.12535028  0.03585577]
[-0.14361997  0.23940473 -0.10105132 -0.0421267   0.13892881 -0.04351483
 -0.0484253   0.15362604  0.01694167 -0.0613158   0.14415216  0.02544543
 -0.00783258  0.06645419  0.11556299 -0.12055318  0.25628688 -0.09164087
  0.03040343  0.17587663 -0.12351459  0.14468402 -0.05752063  0.16131387
 -0.11968123  0.11614856 -0.00261762 -0.05980053  0.16981934 -0.20809763
  0.15710458 -0.03715848 -0.06042463 -0.0203811   0.10142937 -0.16414818
 -0.00899068  0.10243032 -0.15708921 -0.0190254   0.01159564 -0.00726192
 -0.19219005  0.19395043 -0.23701098  0.09589664 -0.06557187 -0.09952844
  0.10604028 -0.17996197  0.11463968 -0.16178339  0.14346153 -0.18950272
  0.10705511 -0.00644667 -0.14880717  0.15444911 -0.05847969 -0.03316004
  0.05540826  0.05958804 -0.1959983   0.16219839]
[ 0.05996913 -0.17148401  0.17609098 -0.06285511 -0.04184303  0.08719079
 -0.1054776   0.10292164 -0.14829477  0.13273759 -0.03945533 -0.03667007
  0.09959589 -0.16526456  0.2273177  -0.20032606  0.09037489  0.10765626
 -0.15371848  0.13165434 -0.04753533  0.14084571 -0.14533716  0.11393459
  0.05678817 -0.06338011  0.12886002 -0.07760417  0.16667939 -0.10324506
  0.01593017  0.12368528  0.03095526 -0.1193789   0.13190796  0.07008058
 -0.17548806  0.1077872   0.03722054  0.00083748 -0.14910373  0.20984586
 -0.14637636 -0.03466495  0.06392951 -0.14564784  0.18337225 -0.27842436
  0.13345226 -0.05713537 -0.07817094 -0.0094257  -0.07498593  0.1036434
 -0.26863162  0.18088382 -0.06643618 -0.15998591  0.10106962 -0.0644178
 -0.05642871 -0.00180237  0.08973692 -0.13356564]
[-0.15679611  0.20245095 -0.14465593  0.07370987 -0.05762276 -0.01302389
  0.04185934 -0.12455739  0.18085663 -0.23073113  0.22007026 -0.18458814
  0.08272585  0.06283804 -0.16960655  0.16899251 -0.13494333  0.16088075
 -0.14054121  0.12199104 -0.0345838   0.00396866  0.02829133 -0.02294409
  0.14588524 -0.12945     0.0640028   0.05928889  0.04170131 -0.12408007
  0.14103699  0.053138   -0.13445548  0.10036204  0.06967479 -0.03867062
 -0.12363068  0.24113183 -0.15983284  0.0303634   0.04375567 -0.04078322
  0.04336629 -0.14884784  0.17396459 -0.14442444  0.08817107 -0.12285991
  0.05679572  0.05778137 -0.25128428  0.23828    -0.12554489 -0.05424188
  0.0315427   0.04055822 -0.06649259 -0.08062074  0.15398913 -0.15752484
  0.05930939  0.07684608 -0.15606983  0.08318563]
[-0.15623716  0.08001143  0.05343359 -0.12034874 -0.04830053  0.114289
 -0.20607719 -0.05197626  0.17660306 -0.23058504 -0.00920392 -0.00512859
  0.01759626 -0.12721318 -0.05651267  0.1110209  -0.16159849  0.029662
 -0.0622395   0.11194755 -0.0710295  -0.16869417  0.25946073 -0.10256747
 -0.07685516  0.10622998  0.08871738 -0.07431665 -0.06903659  0.24067513
 -0.06815    -0.0815062   0.19594567  0.01393685  0.0094144  -0.09000429
  0.21053    -0.00487795 -0.13148617  0.22247583 -0.04929513  0.06226303
 -0.13345309  0.19098731 -0.0123139  -0.13414234  0.17969112 -0.0978065
  0.12343564 -0.20412852  0.18658679 -0.04730314 -0.116236    0.12567703
 -0.09134025  0.0765538  -0.14190197  0.13827843 -0.11972325 -0.02416596
  0.06695609 -0.09540243  0.1308398  -0.12103804]
[ 0.19408209 -0.09336567 -0.08363502  0.20221573 -0.02011178 -0.04282969
  0.17126221  0.08733322 -0.08204027  0.06816847  0.16179188 -0.03084798
  0.0204301   0.10956371  0.04648731  0.06478113 -0.10519009  0.16738978
  0.06911822 -0.18653363  0.13975669  0.02258495  0.03016976 -0.18795569
  0.17721936 -0.06286521 -0.20986399  0.20913844 -0.15266003  0.04049626
 -0.19768436  0.07963284 -0.02491944 -0.21763705  0.14268042 -0.1739343
  0.07037912 -0.15988471 -0.01663106  0.09215674 -0.24011192  0.09493748
 -0.0879795   0.09945913 -0.17063369  0.03771772  0.10101121 -0.24952348
  0.1987194  -0.05138206 -0.00830674 -0.00358959  0.01130162  0.03435348
  0.0070024   0.03644779 -0.08074523  0.10897561  0.02674372 -0.06720484
  0.15158425 -0.03224931 -0.16350631  0.19063728]
[ 0.08611462  0.08178595 -0.09620014 -0.04369744  0.19589781 -0.02316541
 -0.01609486  0.13520546  0.069898   -0.12192052  0.10383757  0.18071289
 -0.14190889  0.06426348  0.12427718  0.00992754 -0.03955097 -0.01352956
  0.17479719 -0.1338937  -0.01938057  0.08364858  0.01146131 -0.05233116
 -0.1847879   0.26019176 -0.21881576 -0.08397753  0.1418372  -0.15618004
  0.02373233 -0.22735956  0.21425728 -0.21212344 -0.07582043  0.13480396
 -0.18134738  0.07033253 -0.20010503  0.180634   -0.12331648 -0.07308739
  0.12891956 -0.10054484  0.08616957 -0.15885417  0.20928042 -0.05943415
 -0.11118713  0.20377656 -0.04168983  0.02548978 -0.0417373   0.19015257
 -0.08179338 -0.03270349  0.16172098 -0.03360251  0.03115845  0.00974068
  0.08739554 -0.07015559  0.0124576   0.06831856]
[-0.16035222  0.14929608 -0.04138444 -0.08553524  0.11080727 -0.17664391
  0.0807523  -0.10742203  0.01642519 -0.00358176 -0.10911353  0.12439546
 -0.21274219  0.18458082 -0.18342602  0.01605136  0.07342471 -0.13785516
  0.16137352 -0.19305878  0.21187326 -0.157214    0.05162394  0.08701984
 -0.07700019  0.13265606 -0.12018488  0.21234114 -0.08648445  0.03114788
  0.05645987  0.03821824  0.07806098 -0.10140014  0.26098852 -0.11009012
 -0.05448383  0.1346336   0.0668234  -0.06407315  0.00418215  0.1768912
 -0.1765028   0.00082466  0.12228153 -0.02034721 -0.06518223 -0.04840096
  0.11464148 -0.06121829 -0.10458842  0.01577732  0.07984094 -0.12020137
 -0.1364385   0.20265904 -0.08347531 -0.18265658  0.10354801  0.01122645
 -0.18097852  0.04799474  0.1665946  -0.20868396]
[ -1.61749120e-01   1.72527691e-01  -5.02689435e-02  -5.75727893e-02
   6.82083896e-02   5.21400651e-05  -1.26538085e-01   6.29607661e-02
   1.07625529e-01  -2.34092459e-01   2.20461572e-01  -1.78644046e-02
  -9.71874306e-02   5.80071062e-02   5.11596758e-02   1.05561311e-02
  -9.01581103e-02   2.22171022e-01  -1.08074304e-01   5.93071637e-02
   1.64007562e-02   4.09081277e-02   1.40755776e-01  -1.74078135e-01
   1.67986769e-01   6.84349685e-02   2.08152530e-02  -7.12884787e-02
   1.46820823e-01   8.57187103e-02  -2.24289213e-01   2.77361475e-01
   1.17485583e-02  -9.33746906e-02   1.15168610e-02   1.53146117e-01
  -7.08222216e-02  -1.30978995e-01   2.34832559e-01  -1.40386993e-01
  -2.03578352e-03  -1.76694012e-02   3.04664321e-02   2.52308700e-03
  -2.03213021e-01   1.02428608e-01   1.87797908e-03  -4.91318027e-02
  -1.73791792e-01   1.32961656e-01  -4.61616017e-02  -2.61263552e-01
   2.26883062e-01  -9.04723089e-02  -1.52528028e-01   1.92075520e-02
   8.57753752e-02  -1.64554109e-01  -3.57050853e-02   1.13287894e-01
  -1.51412759e-01   5.46965427e-02   8.53337650e-03  -4.92952474e-02]
[ 0.00837822  0.059452    0.04279952 -0.03037221 -0.07465665 -0.06641625
  0.00439429  0.10496074  0.13711423  0.05157521 -0.08680401 -0.17626549
 -0.13403463  0.01785465  0.16606604  0.19373964  0.05642153 -0.13784558
 -0.24706777 -0.15396229  0.04641511  0.20352378  0.20936533  0.02868099
 -0.17172453 -0.23998798 -0.10089414  0.11060338  0.24172832  0.19008729
 -0.02159289 -0.19277754 -0.21440143 -0.05612404  0.16018186  0.23796841
  0.14318432 -0.04456877 -0.19614666 -0.18958474 -0.03505892  0.1359427
  0.16911459  0.09147396 -0.05717131 -0.16389508 -0.12887555 -0.02358039
  0.09334084  0.10681794  0.03284023 -0.05591738 -0.09947806 -0.06633025
  0.01139071  0.08637762  0.06581326  0.00520081 -0.03743448 -0.05137451
 -0.02357804  0.0324189   0.05986636  0.01474107]
[-0.06585969 -0.11777995  0.12279529 -0.01097142 -0.19879417  0.06766701
 -0.03277942 -0.18669234  0.01932077  0.07639404 -0.22785226 -0.0483245
  0.10719481 -0.1527376  -0.09637516  0.08691278 -0.0596111  -0.15125491
  0.20403792 -0.07114653 -0.10981382  0.13473412  0.02206386 -0.01449058
  0.06629686  0.17019719 -0.1179186   0.12889822  0.17264436 -0.02012023
  0.13617959  0.02335289  0.14445111  0.09527962 -0.00173798  0.09709614
  0.1490841  -0.02851162 -0.05629426  0.26095983 -0.02761988 -0.17858301
  0.1806387   0.03193972 -0.24065217  0.12647828  0.0524768  -0.25072073
 -0.03725519  0.11691309 -0.20442211 -0.11135637  0.0822813  -0.23959581
 -0.04948866  0.06818624 -0.13160184 -0.15531825  0.01479225 -0.08513576
 -0.04561534  0.07766238 -0.13898815 -0.02919128]
[ 0.23973779 -0.06907459 -0.10458315  0.09218023  0.06509605  0.04026076
  0.01134749  0.08722519  0.00606642 -0.0193891  -0.00032167  0.10173387
  0.07272027 -0.15331287  0.05438565  0.16752038 -0.18179447 -0.06641092
  0.14260744 -0.0253033  -0.25010429  0.1558085   0.01211588 -0.30841978
  0.06809195  0.03244887 -0.16284653 -0.15451138  0.0934968  -0.14155961
 -0.09094717  0.03944401 -0.2176223   0.02465937  0.01040214 -0.12306809
  0.0066673   0.05230821 -0.10861453 -0.09986387  0.24037401 -0.04393505
 -0.12575483  0.18290807  0.03654372 -0.03722258  0.0675726   0.15308771
  0.02682102 -0.02601831  0.06113354  0.16320048  0.13949197 -0.1141884
  0.01724486  0.23229308 -0.05628889  0.02960738  0.13953971 -0.00990605
 -0.16477724  0.12435048  0.21649488 -0.19956608]
[ -9.92397795e-02  -9.20702986e-02  -1.90225421e-04   9.68856448e-02
   1.02580196e-01   1.19497772e-03  -9.56360526e-02  -1.25021411e-01
  -3.38037038e-02   1.05333814e-01   1.78914158e-01   1.11345722e-01
  -5.33517216e-02  -1.69009978e-01  -1.33031420e-01   2.53386417e-02
   1.75012886e-01   2.05720221e-01   6.15680466e-02  -1.42253528e-01
  -2.22245261e-01  -1.17533360e-01   8.07576150e-02   2.08339736e-01
   1.68282466e-01  -1.95425120e-02  -2.03763631e-01  -2.11748656e-01
  -5.15534599e-02   1.46408936e-01   2.18016748e-01   1.05541775e-01
  -8.99119885e-02  -2.20440922e-01  -1.57074043e-01   2.55289987e-02
   1.87144592e-01   1.93176382e-01   4.14153329e-02  -1.23775266e-01
  -1.94484318e-01  -9.09926360e-02   6.95745637e-02   1.65163347e-01
   1.23713686e-01  -3.05507154e-02  -1.36687504e-01  -1.39078387e-01
  -2.76700276e-02   9.05346591e-02   1.16718486e-01   3.80490268e-02
  -9.21540233e-02  -1.28420634e-01  -7.94652016e-02   3.68750978e-02
   1.19702464e-01   8.77971293e-02  -4.37613432e-03  -9.11232965e-02
  -8.61932092e-02  -3.17416718e-03   9.96469189e-02   1.19880135e-01]
[ 0.08322201 -0.14086721 -0.1026534   0.20725274 -0.08817081 -0.20249213
  0.16035506 -0.05602225 -0.22369399  0.07432177  0.08898028 -0.28092423
  0.01704217  0.1115989  -0.24839434 -0.02183893  0.09038322 -0.12736552
 -0.06034276  0.08951961 -0.1113653  -0.03773224  0.12898012 -0.08468933
 -0.01993134  0.16464748 -0.09541296  0.02586396  0.22121345 -0.04663878
 -0.02765018  0.18173488  0.08264589 -0.00496653  0.16398596  0.02522884
 -0.00512433  0.17963522  0.02821344 -0.00199256  0.14862675 -0.02988937
 -0.0864589   0.18268445  0.04997305 -0.2068472   0.05523175  0.0764456
 -0.18823082  0.00611037  0.12044494 -0.21930991 -0.1887874   0.13574248
 -0.0737811  -0.14106544  0.02738067 -0.08380035 -0.19449973 -0.00395288
  0.07046603 -0.06093492 -0.059456   -0.09015145]
[-0.18512928 -0.11810294  0.06307417  0.18225682  0.13528486 -0.05481714
 -0.19147887 -0.17675261 -0.00888325  0.16027759  0.20513248  0.11774868
 -0.09749783 -0.16688731 -0.0578365   0.08096559  0.17646096  0.16209806
  0.03952851 -0.10388604 -0.08517566  0.01862483  0.0857186   0.10405469
  0.02261424 -0.06613539 -0.09470721 -0.04296564  0.01710417  0.02851994
 -0.0220068  -0.10047335 -0.08910342 -0.02160463  0.0319759   0.02449917
 -0.04929327 -0.12805729 -0.10804682  0.01704786  0.13443097  0.13620372
  0.0271148  -0.12358283 -0.13834771 -0.01904657  0.1612683   0.25171881
  0.13878331 -0.06055155 -0.17522652 -0.09685554  0.08029638  0.22284465
  0.19762504  0.00051821 -0.1892943  -0.18675319 -0.04357441  0.13067171
  0.19762777  0.0676525  -0.14336909 -0.24309695]
[ 0.17158109  0.12903096 -0.0666199  -0.17641666 -0.08708117  0.07850511
  0.15991721  0.11090334 -0.07486312 -0.21141233 -0.14696538  0.03718407
  0.14760452  0.11127207 -0.04515005 -0.18619    -0.14222117  0.02878348
  0.14321169  0.11727215 -0.01359731 -0.13356652 -0.10633835  0.05300519
  0.15061295  0.09891011 -0.02877044 -0.12649889 -0.07941531  0.07090545
  0.15590535  0.07763866 -0.08098587 -0.16786608 -0.08323547  0.08667873
  0.15252259  0.06038529 -0.10518132 -0.20341585 -0.1048913   0.09855224
  0.18551668  0.0779553  -0.10522549 -0.17770265 -0.09728131  0.09391569
  0.21115677  0.12144831 -0.0774461  -0.16318596 -0.0584023   0.10097239
  0.20288295  0.13146715 -0.07444334 -0.17095198 -0.08648654  0.07610395
  0.16140833  0.0945463  -0.09404529 -0.19387489]
[ 0.01819447 -0.07397308 -0.05607909 -0.00202422  0.08862379 -0.16913011
 -0.12144159  0.10972097 -0.0692093  -0.17738369 -0.01233012  0.0831421
 -0.24684314 -0.04508531  0.13773894 -0.19217345 -0.14380484  0.14651212
 -0.01824477 -0.20005544  0.07483953  0.11355415 -0.13653563 -0.01299358
  0.17549938  0.01765686 -0.05722367  0.0202332   0.22525248  0.09664217
 -0.0595162   0.03012437  0.20189651  0.13655855 -0.03830939  0.15592668
  0.05216033 -0.01313536  0.11570186  0.11994502  0.05643396 -0.04047044
 -0.05681328  0.02251425  0.17862291 -0.04420222 -0.2227339   0.06514672
  0.0190672  -0.16519475  0.01044998  0.06864907 -0.27251214 -0.17106977
  0.18031806 -0.08121568 -0.2365706   0.04503433 -0.04332046 -0.23319097
  0.02343026  0.12163633 -0.11719459 -0.1261528 ]
[-0.08530871  0.0211421   0.08214783 -0.20293743 -0.01101688  0.12624806
 -0.11190646 -0.09700617  0.08209209 -0.08208156 -0.16024381  0.19446815
 -0.04194521 -0.21873614  0.05631693  0.07657535 -0.11702341  0.05646323
  0.07909911 -0.22868993  0.05888136  0.21483232 -0.07914917 -0.07207918
  0.16606013 -0.06505964 -0.03915362  0.28172927 -0.00262053 -0.1728164
  0.13015165  0.16638193 -0.11418617  0.10799772  0.1204305  -0.16286348
 -0.02416916  0.21678818  0.0365509  -0.15401638  0.01507631 -0.00713952
 -0.04719416  0.12646776 -0.00695289 -0.19706559 -0.04009321  0.10632595
 -0.04778492 -0.02581064  0.01252352 -0.19613654 -0.02368829  0.21687466
 -0.06390754 -0.20613456  0.06551533  0.02838148 -0.08481174  0.11515056
  0.06546118 -0.20282306 -0.04231674  0.1727334 ]
[-0.14412758  0.08450268  0.15118835  0.02047331 -0.11917522 -0.06861468
  0.13618013  0.12341082 -0.06870704 -0.0296721   0.10925302 -0.01163601
 -0.02189035  0.16232731  0.0671308  -0.18861519  0.01995435  0.23150173
 -0.03338285 -0.11112586  0.1320919  -0.01640871 -0.17261107  0.14354318
  0.13066027 -0.19773702 -0.08332787  0.10448069 -0.07971402 -0.01242369
  0.09311393 -0.20026897 -0.10643837  0.19866878 -0.04925964 -0.14113253
  0.08157302 -0.04849294 -0.16312559  0.18055933  0.14337762 -0.25264499
 -0.02185341  0.20324602 -0.06981561 -0.05854463  0.21205694 -0.04830962
 -0.16506453  0.16582472  0.14185885 -0.12039627  0.02748196  0.07305685
 -0.08457678  0.0742164   0.07727973 -0.02209805 -0.01902398 -0.01973301
 -0.09444656  0.13456426  0.1644211  -0.23263944]
[-0.24426104  0.17709514  0.25652662 -0.13557366 -0.1462943   0.14370052
  0.10104555 -0.10272885  0.17617206  0.11538094 -0.14646595  0.01050216
  0.25270576  0.09659896 -0.10927954  0.02077119  0.12041537  0.05526072
  0.05493013  0.01273358 -0.00898091  0.02830989 -0.02137903 -0.03143803
  0.09755321  0.04155585 -0.25807876 -0.05983997  0.16749164 -0.0865105
 -0.20341847  0.03916521 -0.06147721 -0.23326113  0.10947767  0.08589337
 -0.28655177 -0.18355389  0.11888162  0.07708538 -0.08018985 -0.08173137
 -0.09167096  0.04217597  0.12866186 -0.01569575 -0.05180488  0.08386295
 -0.00443325  0.00523394  0.19300649  0.07315684 -0.12472187  0.05236237
  0.21796619 -0.01981736 -0.00068958  0.14430769  0.02330219 -0.08535672
  0.06115692  0.13966018  0.02429686 -0.05453644]
[ 0.18668651 -0.02768946 -0.14495494  0.0347415   0.16049702 -0.01673026
 -0.10872048  0.11832371  0.09909018 -0.15238611 -0.09687583  0.19930273
  0.07337365 -0.18570314 -0.05712445  0.14708224 -0.02307199 -0.17346416
  0.00904679  0.1423558  -0.00921376 -0.24231348 -0.06509644  0.15136522
  0.09351478 -0.16052637 -0.14512095  0.0606888   0.0160616   0.06380461
  0.04652775 -0.07337812 -0.16311094  0.08318469  0.26474146 -0.02250798
 -0.14256042  0.0065985   0.14316951  0.02086182  0.00139944  0.12060877
  0.02679686 -0.12414803 -0.03768476  0.23042853  0.10668682 -0.18427464
 -0.13841115  0.13269026  0.13159074 -0.10202368 -0.09454291  0.03393153
 -0.05105286 -0.09724428  0.09625189  0.07335133 -0.18985147 -0.20535249
  0.09649725  0.17228268 -0.07474034 -0.18788779]
[-0.14316025 -0.06515942  0.21633877  0.08347329 -0.24151618 -0.15023112
  0.14946874  0.15843482 -0.10515995 -0.12758611  0.01638264  0.07756264
 -0.00927588 -0.0236158   0.08953663 -0.03842924 -0.14741355  0.06720242
  0.22700441 -0.00479456 -0.22007091  0.03244097  0.16086813 -0.00659066
 -0.02746834  0.07799359  0.01407632 -0.16905023  0.02482359  0.23198113
  0.03642548 -0.2045821  -0.14672288  0.16270592  0.16826173 -0.06990509
 -0.17659117 -0.03609493  0.07758739  0.0107828   0.0524587  -0.02887359
 -0.17754855 -0.05870552  0.21400589  0.06476674 -0.21649675 -0.07874926
  0.14976951  0.05019412 -0.11818227 -0.00633637  0.09810885 -0.01569274
 -0.12099362  0.05793461  0.17339588 -0.07689866 -0.17061056  0.0961195
  0.17150669 -0.08471155 -0.10366787  0.11412006]
[ 0.05148571  0.09224069 -0.01930885 -0.15134518 -0.03807505  0.15233856
  0.13062819 -0.03215565 -0.11620066 -0.06745981  0.04600396  0.12941725
  0.05945688 -0.11659656 -0.12351243  0.05410153  0.134984   -0.03642573
 -0.1448576   0.02239645  0.13769865 -0.07258189 -0.18113189  0.07741192
  0.20201744 -0.06128409 -0.23540152  0.00794213  0.20174772  0.0483046
 -0.14206252 -0.01453959  0.10932505 -0.04282398 -0.09350639  0.10374954
  0.19655645 -0.07097312 -0.24153549  0.01183391  0.23753779  0.10180644
 -0.17237853 -0.09832602  0.04601507  0.02384241  0.03155962  0.05374634
 -0.04633533 -0.18673787 -0.02707117  0.18175415  0.08911283 -0.17132969
 -0.20910101  0.11131471  0.20465789 -0.12272713 -0.19501391  0.11004061
  0.14117162 -0.13492046 -0.1042916   0.12068725]
[ 0.16442898 -0.05697387 -0.15272265  0.08923678  0.14492923 -0.06747806
 -0.12712638  0.16086196  0.13563719 -0.15196257 -0.14988491  0.10703772
  0.24189889 -0.04813448 -0.2160445  -0.04329501  0.16651488  0.09030051
 -0.09436596 -0.02713862 -0.06805961 -0.04612688  0.11531535  0.13358306
 -0.12291686 -0.23833147  0.060961    0.17159404  0.03068312 -0.139789
 -0.10835542  0.0520758   0.05184924 -0.03113643 -0.04524025  0.06779942
 -0.026284   -0.16893485  0.02037675  0.21874409  0.03286044 -0.2637366
 -0.11390646  0.20159457  0.17778071 -0.07008047 -0.21491684 -0.04255116
  0.18395502  0.1335429  -0.09574576 -0.11553644  0.05094582  0.03672152
  0.02756406  0.09460149 -0.03425654 -0.14899298  0.04774974  0.18543058
 -0.02726751 -0.11694886  0.01043321  0.06029891]
[ 0.10644678  0.09524689 -0.05272947 -0.09365383  0.02528853  0.18905491
  0.09781164 -0.07064802 -0.05151747  0.04456764  0.06217028  0.04604981
  0.11831825 -0.02705514 -0.19044305 -0.00879335  0.23214559  0.08569291
 -0.2163063  -0.16672673  0.05484054  0.16535241 -0.03085013 -0.19488949
 -0.09038435  0.07578195 -0.02243467 -0.13712037  0.06015606  0.08446153
 -0.18176024 -0.19539536  0.15427612  0.22557074 -0.10265343 -0.23364604
  0.01659328  0.20333807  0.08896891 -0.07756143 -0.05621789  0.05247806
  0.06494029  0.02565884  0.08327599  0.06319611 -0.13421325 -0.07979693
  0.21867946  0.15255645 -0.18613421 -0.14669083  0.14130981  0.11299168
 -0.08935623 -0.12352933  0.03025585  0.12631165 -0.05936823 -0.18844835
  0.00644803  0.16833714 -0.02110964 -0.16024813]
[-0.00759053 -0.01183231 -0.00504459 -0.00206632  0.0193409   0.00554992
 -0.0655896  -0.02627986  0.05113406  0.07203542 -0.04757812 -0.12818007
 -0.00301635  0.13449099  0.10080025 -0.10432403 -0.17359074  0.02521575
  0.23539948  0.1235901  -0.21027312 -0.20343864  0.12716444  0.28146428
  0.05065872 -0.25946057 -0.18024655  0.16561779  0.29758769 -0.04661575
 -0.32557218 -0.08495498  0.22719641  0.15755268 -0.14547257 -0.22606638
 -0.02387994  0.17251764  0.07215479 -0.16072567 -0.15479367  0.03982749
  0.11803593  0.00753388 -0.0889837  -0.08348055  0.02689377  0.10708397
  0.04039491 -0.07233644 -0.06096396  0.07346788  0.1075386   0.00166547
 -0.03698207  0.01056423  0.0602624   0.03717993  0.0164975   0.0164838
 -0.00186228  0.01234335  0.02423124  0.02266113]
[ 0.1288005   0.04044913 -0.10181698 -0.14291324 -0.03748989  0.09219754
  0.13511413  0.00726989 -0.15535997 -0.14327466 -0.03343659  0.0491442
  0.10023193  0.03212347 -0.1887573  -0.21157854  0.02146773  0.16114615
  0.06668942 -0.12587669 -0.18508837 -0.04230656  0.13921757  0.10288257
 -0.01029039 -0.0413003  -0.0623328  -0.02753298  0.11719587  0.19132111
  0.09242031 -0.07809285 -0.12406463  0.03060954  0.21469335  0.19260997
 -0.01493753 -0.10687939 -0.04493008  0.04533802  0.09218535  0.09320617
  0.00778448 -0.10888761 -0.131094   -0.01483339  0.10391061  0.05739452
 -0.07863469 -0.16332657 -0.1167883  -0.02001522  0.08263785  0.10884221
 -0.06767064 -0.2830362  -0.18419629  0.19119768  0.28057331 -0.06838354
 -0.27658614 -0.11164369  0.10113963  0.14052932]
[ 0.08196524  0.03689387 -0.12223099 -0.10139121  0.08806529  0.18156538
 -0.01951644 -0.21081691 -0.07680072  0.16425624  0.17310134 -0.11402262
 -0.20478641 -0.02704969  0.1714045   0.14405991 -0.10019045 -0.21666113
 -0.04131975  0.23521684  0.13124626 -0.1610086  -0.19201686  0.06213098
  0.2134563   0.04764414 -0.14418043 -0.12727511  0.09380389  0.17925528
  0.0060126  -0.14290618 -0.07656767  0.09413019  0.10984355 -0.00435178
 -0.10216656 -0.09106766  0.05459707  0.14666962 -0.01452013 -0.19966865
 -0.07190911  0.15659994  0.09938848 -0.09025305 -0.15213778 -0.0457189
  0.13305164  0.1137446  -0.09062328 -0.16013575  0.02205716  0.12121181
  0.06690977 -0.0283092  -0.12870583 -0.04073033  0.16085854  0.12945524
 -0.10643417 -0.12489043  0.04931056  0.10084301]
[-0.0706729   0.14242872  0.19859659  0.09674184  0.05749349  0.07215831
  0.10809382  0.19342878  0.22829277  0.16646471  0.0939192   0.0908601
  0.10550341  0.11906686  0.11813551  0.01170699 -0.06789486 -0.05016553
 -0.01839399 -0.0525807  -0.14827241 -0.1819111  -0.17811205 -0.14715635
 -0.13716975 -0.17961448 -0.16595035 -0.1590074  -0.14442567 -0.10147829
 -0.04260698  0.00339695 -0.00155692  0.0016301   0.03820191  0.10795062
  0.14157116  0.15856631  0.16441146  0.14218912  0.13606152  0.17790396
  0.178467    0.14289352  0.09967213  0.05056976  0.03837867  0.05581726
  0.02727353 -0.06781115 -0.10707903 -0.10835781 -0.10243153 -0.11667025
 -0.13625627 -0.16983946 -0.20200929 -0.1847359  -0.06708938 -0.02179353
 -0.12521207 -0.19922741 -0.12191514  0.03408941]
[ 0.03470746  0.09307572  0.02447631 -0.12053408 -0.11918458  0.12732124
  0.25929289 -0.01140877 -0.29459821 -0.1048012   0.26771278  0.19768184
 -0.1476013  -0.21240258  0.02806907  0.14819069  0.03026796 -0.09420855
 -0.03771482  0.02869483 -0.06167938 -0.04659278  0.1123972   0.06808291
 -0.18309114 -0.1347832   0.12863924  0.13333834 -0.06334925 -0.12636465
  0.01241943  0.06839921  0.00693389 -0.03538229  0.06197353  0.07141113
 -0.13638059 -0.06647184  0.22058912  0.15101713 -0.20213243 -0.15852717
  0.20269701  0.1921731  -0.08328849 -0.17583989  0.01100798  0.18605678
  0.03364645 -0.1542114  -0.05533614  0.12117809  0.04636112 -0.12041393
 -0.05523889  0.03640641  0.04217526  0.00488444 -0.08945789 -0.09882008
  0.03494178  0.10851623 -0.03613371 -0.1185924 ]
[-0.13728364 -0.03088625  0.16955006  0.0851543  -0.21898036 -0.16309891
  0.19543184  0.19272371 -0.14962334 -0.22881118  0.0954851   0.23760503
 -0.00564504 -0.21713435 -0.05282279  0.20324701  0.10682748 -0.13263326
 -0.07201233  0.0952666   0.05781426 -0.03015389 -0.00987454  0.02540387
  0.02531206 -0.01202822 -0.05710448  0.02395832  0.09996165 -0.03530745
 -0.1526014  -0.01589659  0.14430253  0.03518017 -0.14892639 -0.10887654
  0.04202724  0.10410779 -0.01356644 -0.15011105 -0.0446802   0.09048393
  0.02857406 -0.10915411 -0.0240059   0.09690612  0.02019512 -0.10962088
 -0.04985689  0.1487492   0.10354991 -0.09792442 -0.14908455  0.08964652
  0.25170894  0.01356714 -0.23981808 -0.03673255  0.26822393  0.1280654
 -0.14580367 -0.10754367  0.09596181  0.10182208]
[-0.1445429  -0.07963125  0.12427058  0.15531656 -0.09328299 -0.21163752
 -0.01403322  0.11364513  0.05691561 -0.06161524 -0.0346438   0.01543101
 -0.02776036 -0.03331229  0.06647895  0.12195287 -0.04643941 -0.14562328
  0.01505735  0.17155839  0.08490608 -0.09519357 -0.08896099  0.05731355
  0.09161578  0.02570152 -0.02501916  0.02914019 -0.01217543 -0.10735963
  0.02566097  0.16353697  0.04062428 -0.19713032 -0.11615989  0.13335179
  0.13092656 -0.07310784 -0.15171602  0.00984527  0.08386629 -0.02078393
 -0.05647091  0.0196581   0.05869878 -0.0723465  -0.11471236  0.08348346
  0.1952804  -0.01663871 -0.26999785 -0.05955304  0.27266166  0.20723058
 -0.19548936 -0.27689406  0.10013807  0.30520673  0.03210426 -0.24568109
 -0.05832282  0.16068417  0.06869666 -0.06382629]
[ 0.04411415  0.11309667 -0.01650194 -0.17462773 -0.01552211  0.23635107
  0.10952829 -0.16687761 -0.1370042   0.10615868  0.16205673 -0.01918692
 -0.14203915  0.00645076  0.13543568 -0.01883911 -0.15435476  0.03285247
  0.15973809 -0.0400469  -0.2005389  -0.02073343  0.17777393  0.0571611
 -0.15732516 -0.16826681  0.08483153  0.16487107 -0.02769741 -0.17996817
 -0.05329653  0.15864691  0.04955572 -0.10412165 -0.09229997  0.08967125
  0.13737266 -0.05004517 -0.15527835 -0.01130837  0.24233099  0.08492647
 -0.221351   -0.13928238  0.20030563  0.22465639 -0.11621209 -0.21319143
  0.01433823  0.21729166  0.07366959 -0.16184294 -0.09638966  0.08116592
  0.0807358  -0.04942517 -0.03246647  0.03317243 -0.03741335 -0.06238067
  0.01644978  0.07635469 -0.01109529 -0.09954397]
