betas =
[ 2.35648397  6.89475481  1.50632931  8.03746885  5.36121746  4.67795609
  4.79511312  4.73432063  4.73206415  4.53336456  4.72456971  4.69185588
  4.56291655  4.53587346  4.79827345  4.22767641  4.43204843  1.13583928
  4.43515581  0.83772899  4.62986872  3.95580215  3.93616238  3.50737057
  3.36916552  0.79143256  3.24441486  0.32470755  0.43676643  2.83702879
  2.35426907  2.47000542  0.26546083  2.29427662  2.03463284  1.96563568
  1.86261304  1.83539797  1.87816838  1.82632392  1.60844985  1.48205616
  0.3311534   1.33865476  0.33670545  1.19002142  0.31540773  1.19175947
  1.05426775  0.96784544  0.81904731  0.6314204   0.59501982  0.2868989
  0.50745957  0.48103168  0.42249606  0.12269386  0.09814279  0.35629311
  0.1918928   0.05332779  0.09299355  0.050658  ]
W = 
[ 0.10800823  0.10534516  0.10330167  0.09759759  0.10034535  0.1042063
  0.10365742  0.1096088   0.11530383  0.11686737  0.12476094  0.13078743
  0.13194726  0.13470203  0.13548607  0.13595261  0.14040256  0.14310841
  0.1420947   0.13841653  0.136336    0.13410053  0.13557149  0.13342771
  0.12927171  0.13454286  0.14058807  0.14663181  0.15652358  0.16273865
  0.15695209  0.14442355  0.12629975  0.11241504  0.10679735  0.103929
  0.11078439  0.12418316  0.13080668  0.1381923   0.14423023  0.14361407
  0.1468615   0.14475718  0.1346242   0.12604552  0.11796329  0.11224583
  0.11620348  0.11981318  0.11749335  0.11688799  0.1143683   0.10818661
  0.10864608  0.11273748  0.11415444  0.11102677  0.10666163  0.10370641
  0.10244643  0.10650824  0.10755938  0.10857547]
[ 0.01747721 -0.03159476  0.01773705  0.00306716 -0.01298063  0.03256666
 -0.0861673   0.14969772 -0.17482516  0.16020546 -0.15133599  0.16509642
 -0.17192689  0.14569422 -0.1187772   0.14114546 -0.1950501   0.21694187
 -0.19256683  0.17301622 -0.18886073  0.20152577 -0.17437643  0.13866677
 -0.14406017  0.18627053 -0.21420879  0.20922982 -0.20221435  0.21529824
 -0.21834839  0.1795922  -0.11799435  0.07239273 -0.04375308  0.00731684
  0.03582964 -0.05807092  0.04932943 -0.03548103  0.03543542 -0.03950143
  0.03123909 -0.01967979  0.02595063 -0.04671936  0.05972385 -0.05698546
  0.05736211 -0.07538454  0.09992608 -0.11481424  0.12236734 -0.13371277
  0.14770302 -0.14647409  0.12496003 -0.09606097  0.07279241 -0.05279625
  0.0314867  -0.01347095  0.00738277 -0.00518378]
[ 0.11934338  0.12503316  0.13283503  0.12954417  0.13486659  0.15174648
  0.16126309  0.1654891   0.16155438  0.15041478  0.14834954  0.15408248
  0.1530949   0.15213522  0.15428248  0.15752937  0.16501072  0.17494733
  0.17439889  0.15811613  0.12963735  0.10688698  0.09029751  0.07276153
  0.04823812  0.02170979  0.00855311  0.00917831  0.01200987  0.01135748
  0.01266029  0.00916519  0.00511616 -0.00420315 -0.02720005 -0.0616581
 -0.09321499 -0.10094897 -0.09655369 -0.0909676  -0.10375452 -0.12420367
 -0.13026456 -0.12855142 -0.12150341 -0.11948973 -0.13284891 -0.15395433
 -0.16381553 -0.16777069 -0.16786181 -0.16453833 -0.16914199 -0.16542288
 -0.14971266 -0.13797217 -0.1268333  -0.11573541 -0.11254188 -0.11307767
 -0.11819302 -0.12403225 -0.11954038 -0.12504616]
[  2.18292588e-04  -7.11743136e-03   2.36779273e-02  -3.55210163e-02
   3.43961884e-02  -4.03023671e-02   6.86423743e-02  -9.43681327e-02
   8.54709415e-02  -4.95396885e-02   2.46121593e-02  -1.61987033e-02
  -1.07041208e-02   6.53341076e-02  -1.09782255e-01   1.00073305e-01
  -5.46449030e-02   2.83430509e-02  -3.36227617e-02   3.27841294e-02
  -6.75023974e-03  -7.96980216e-03  -2.35004035e-02   7.49863363e-02
  -1.01168313e-01   9.63692902e-02  -9.60570605e-02   1.12206544e-01
  -1.28380725e-01   1.31377011e-01  -1.33711334e-01   1.47805791e-01
  -1.69114744e-01   1.88669349e-01  -2.06446058e-01   2.18528105e-01
  -2.12492309e-01   1.96925721e-01  -1.92230428e-01   2.00979587e-01
  -1.99023918e-01   1.74401248e-01  -1.54818695e-01   1.69793298e-01
  -2.00471162e-01   1.99668976e-01  -1.70300134e-01   1.55685557e-01
  -1.70859394e-01   1.76094463e-01  -1.43139050e-01   1.03395776e-01
  -1.01883173e-01   1.26673385e-01  -1.43435685e-01   1.32963812e-01
  -1.26310162e-01   1.41815468e-01  -1.52145805e-01   1.28271295e-01
  -8.60296603e-02   5.77015188e-02  -4.89974812e-02   2.66381125e-02]
[-0.04348466  0.08961709 -0.1280273   0.18796708 -0.23890196  0.24213799
 -0.20344827  0.16983978 -0.14798473  0.1029299  -0.03434416  0.01855152
 -0.08348102  0.16871164 -0.19159071  0.16135829 -0.15858007  0.18665495
 -0.14930826  0.01547932  0.11153678 -0.12081377  0.06013063 -0.05263409
  0.0970463  -0.08959737 -0.00435484  0.06210444 -0.00030486 -0.1032984
  0.11994361 -0.07107494  0.07729782 -0.1477293   0.16331549 -0.07938416
  0.00624425 -0.03208113  0.10017661 -0.10376415  0.06439146 -0.07292386
  0.13509748 -0.14017463  0.03812339  0.07495377 -0.11616443  0.12042627
 -0.15894912  0.20212037 -0.17293809  0.08233796 -0.01507122  0.00884349
 -0.03880331  0.05079456 -0.07338572  0.13724369 -0.20458554  0.21511686
 -0.17704537  0.13897438 -0.11764198  0.06103002]
[-0.00239331  0.04884976 -0.07030961  0.01210081  0.00188772  0.12115867
 -0.25825262  0.24059041 -0.12968515  0.10299689 -0.14404932  0.05988518
  0.17895495 -0.36471159  0.3151003  -0.13004374  0.0389251  -0.0571943
  0.00106841  0.16155417 -0.22658834  0.07648173  0.11427718 -0.15130327
  0.09031045 -0.07377183  0.08578309 -0.00677602 -0.13812819  0.19459057
 -0.10713909  0.01283033 -0.01590288  0.0224216   0.07251425 -0.16500484
  0.09712179  0.05596719 -0.08426155 -0.02261349  0.05558074  0.06344499
 -0.16872942  0.11568607 -0.01573506  0.06033563 -0.212848    0.26397797
 -0.14504408  0.03348226 -0.07076858  0.14879198 -0.10249172 -0.02539124
  0.07240871 -0.00508203 -0.031621   -0.03161962  0.09625513 -0.0747219
  0.0184642  -0.00944577  0.03830428 -0.03003727]
[-0.04587824  0.06258083 -0.02662955  0.01465459 -0.02989643  0.02969979
 -0.00428346 -0.0132561  -0.00067549  0.02854498 -0.03301336  0.01240022
  0.02164841 -0.03008905  0.02264234 -0.04472147  0.07616053 -0.08123864
  0.06900141 -0.05613743  0.04916917 -0.04033924  0.02959026 -0.01963805
  0.00502919 -0.00747661  0.03119779 -0.06399292  0.07683128 -0.06344825
  0.03446351 -0.02589041  0.03040396  0.01192223 -0.10837961  0.17481568
 -0.16108837  0.13643542 -0.1656011   0.20150496 -0.13750256 -0.01204211
  0.11878844 -0.10048324  0.03564305 -0.03309861  0.03707186  0.06316133
 -0.22576117  0.27631396 -0.15194469 -0.01997154  0.12704386 -0.20970374
  0.32538221 -0.42721126  0.38792005 -0.21910922  0.05977234  0.01171287
 -0.05103766  0.10303894 -0.12766441  0.06787149]
[-0.0427138   0.10961863 -0.16544938  0.18460291 -0.1524361   0.10352552
 -0.06123803 -0.00502823  0.11797438 -0.22531665  0.24449507 -0.17600185
  0.12502544 -0.12758414  0.11741786 -0.03874257 -0.03780871  0.00297958
  0.11885023 -0.1924909   0.17103561 -0.14715426  0.1831355  -0.18596409
  0.0473079   0.16332165 -0.27467098  0.25354328 -0.22729833  0.25728429
 -0.247588    0.10339038  0.08529099 -0.14532946  0.05887565  0.02083144
  0.00290638 -0.05155967  0.00783371  0.08788075 -0.09216793 -0.01824708
  0.11027923 -0.07727534 -0.02272454  0.05032529  0.02366421 -0.09196868
  0.07217965 -0.02398737  0.04831191 -0.13241558  0.16490994 -0.09113634
 -0.00631595  0.0355952  -0.00297659 -0.01695206 -0.00651753  0.01967382
  0.01442488 -0.06054903  0.06660212 -0.03056193]
[ 0.03516782 -0.06873288  0.09069229 -0.12953924  0.16311758 -0.15947718
  0.13023899 -0.10898984  0.09032724 -0.03473687 -0.05086924  0.10760423
 -0.12042069  0.11418985 -0.11686657  0.11053878 -0.05642114 -0.03359696
  0.10120395 -0.11864118  0.12656634 -0.16443097  0.20050306 -0.18985905
  0.14966137 -0.11298249  0.06337882  0.03381032 -0.15189898  0.22224712
 -0.21883591  0.18784299 -0.15770473  0.07991243  0.07333508 -0.20342738
  0.18952465 -0.06887338 -0.00164577 -0.0309124   0.04654978  0.01865115
 -0.0486442  -0.07904939  0.26173112 -0.28487557  0.12108346  0.03558886
 -0.0561005   0.04323419 -0.13102427  0.23834279 -0.19662687  0.01533122
  0.11136414 -0.07910786 -0.00539942  0.01727545  0.00670922  0.03036964
 -0.10854275  0.12745591 -0.0699704   0.01357642]
[-0.05331324  0.14370473 -0.1791295   0.12380815 -0.04292377  0.00816519
  0.02142832 -0.13792012  0.29955915 -0.33999413  0.19595758 -0.02769646
  0.01201974 -0.06999494  0.01128936  0.14367849 -0.18741516  0.05871796
  0.03748371  0.07223661 -0.27559711  0.32907247 -0.2024662   0.10066759
 -0.13396588  0.14943026 -0.00705815 -0.16494497  0.17229078 -0.04261543
 -0.0479947   0.02838978  0.02775576 -0.0555317   0.06705327 -0.09432875
  0.12881272 -0.13545897  0.09938449 -0.03269571 -0.03788631  0.07231932
 -0.02523188 -0.07640632  0.11608879 -0.04234193 -0.03484871  0.02889153
 -0.02529723  0.12518498 -0.24742739  0.23173891 -0.07937927 -0.04075604
  0.0381142   0.01088102  0.01497887 -0.08473069  0.07542512  0.01343869
 -0.05693158  0.00589815  0.05093486 -0.03427117]
[-0.03107357  0.04369964  0.00763022 -0.0744476   0.0973601  -0.07582241
  0.05985194 -0.05660101  0.00576483  0.1106525  -0.22300672  0.25592144
 -0.19985893  0.13093847 -0.08117393  0.02094949  0.06617216 -0.14087006
  0.15737466 -0.11808683  0.05735101 -0.00368595 -0.0183366   0.01455256
 -0.03024576  0.08541028 -0.1169923   0.07402738 -0.00699851 -0.00324174
 -0.01426621 -0.05488156  0.21626494 -0.3189539   0.26766915 -0.1703881
  0.16247966 -0.18888197  0.08643337  0.12139132 -0.21844489  0.13501301
 -0.06305789  0.14457282 -0.24716892  0.19691501 -0.05950325  0.03380642
 -0.13680197  0.18550938 -0.08748365 -0.02638609  0.01348284  0.07584226
 -0.07443111 -0.01938119  0.08196789 -0.07062406  0.06132547 -0.10350721
  0.14687157 -0.13855668  0.0978857  -0.0418645 ]
[ 0.01483174  0.00640361 -0.064624    0.0892455  -0.06274892  0.04095371
 -0.05631507  0.06299976  0.00162973 -0.08127169  0.08662649 -0.01443176
 -0.05071942  0.03718185  0.00052979  0.01599881 -0.06209121  0.05871665
  0.01267501 -0.06419079  0.0420632   0.00957958 -0.01017656 -0.06163489
  0.15223499 -0.19567121  0.16948752 -0.13120246  0.11400015 -0.07594779
 -0.03499377  0.1690663  -0.19864141  0.08626036  0.05896589 -0.12256622
  0.12576399 -0.13034748  0.11760519 -0.00987391 -0.18581894  0.33382294
 -0.33621711  0.25908892 -0.20258291  0.13454456 -0.00872965 -0.11992426
  0.15776487 -0.12835593  0.1238693  -0.16143335  0.17600634 -0.15834158
  0.12384627 -0.12162981  0.09827983 -0.0039554  -0.10688085  0.1504591
 -0.13523142  0.12618198 -0.13542198  0.07670383]
[ -9.71742907e-02   1.37245260e-01  -3.29822122e-02  -5.49569801e-02
   4.39224481e-02  -2.55796840e-02   1.03680837e-01  -2.02857975e-01
   1.60150583e-01  -1.00484506e-02  -8.09178715e-02   5.78359325e-02
   5.20611897e-03   3.90221559e-02  -1.51896370e-01   2.00921199e-01
  -1.72370412e-01   1.69094350e-01  -2.32667297e-01   2.55463573e-01
  -1.54092124e-01  -9.26707341e-03   1.44763862e-01  -2.22522096e-01
   2.45249910e-01  -2.13026057e-01   1.42571342e-01  -5.55633216e-02
  -1.21564079e-02   2.67684566e-02   7.35778820e-03  -6.32826510e-02
   1.21057245e-01  -1.56338833e-01   1.24935261e-01  -9.69336659e-03
  -1.43995415e-01   2.30655389e-01  -2.18167394e-01   1.75912855e-01
  -1.37115284e-01   8.53263652e-02  -1.37576935e-04  -7.79402168e-02
   8.65582223e-02  -8.64719895e-03  -5.66373644e-02   2.15589474e-02
   6.98848317e-02  -1.08633438e-01   9.42214782e-02  -1.08644033e-01
   1.60144385e-01  -1.28208305e-01   2.40729751e-02   6.82130816e-02
  -6.49427198e-02  -4.60435779e-03   5.47296585e-02  -7.16258348e-02
   9.71974895e-02  -1.36798371e-01   1.54565742e-01  -8.27916504e-02]
[-0.05701053  0.10476277 -0.10329957  0.06718453  0.00621265 -0.05790885
  0.02964497  0.04726864 -0.0908481   0.09393834 -0.13587912  0.22393462
 -0.19879081 -0.00316801  0.23291149 -0.28622363  0.17133428 -0.08380314
  0.09582028 -0.05618699 -0.12336202  0.27452235 -0.19247339 -0.03784432
  0.15286617 -0.09011227  0.02470769 -0.06323267  0.08330253  0.03142047
 -0.17918109  0.16990141 -0.01551107 -0.08074131  0.02234847  0.06534913
 -0.06267225  0.02976431 -0.07748812  0.16996822 -0.15360535 -0.00070002
  0.16104192 -0.19409826  0.13314948 -0.10526294  0.13970022 -0.14009348
  0.049789    0.04468476 -0.03285879 -0.05471881  0.09052101 -0.00968696
 -0.10476382  0.15333009 -0.15075397  0.1712697  -0.2169939   0.21135878
 -0.13003624  0.03849246  0.00053321 -0.00053366]
[ 0.12911202 -0.25542153  0.25518336 -0.22267237  0.23115508 -0.24579449
  0.16974586 -0.02637902 -0.03452571 -0.04601482  0.14506961 -0.15578369
  0.08567074 -0.08695738  0.15466377 -0.13241574 -0.02203517  0.14801228
 -0.11383471  0.00914896 -0.01082711  0.09916687 -0.11936053  0.02967079
  0.03182996  0.05176446 -0.18011178  0.17566417 -0.02933552 -0.07904821
  0.06560003 -0.03320227  0.09836588 -0.21239647  0.2254679  -0.0970365
 -0.03241452  0.03459445  0.04493127 -0.07290359  0.00151128  0.04998115
  0.00091211 -0.08034103  0.05101867  0.09110423 -0.19511605  0.16225774
 -0.05901655  0.00827386 -0.00971641 -0.03516082  0.14209626 -0.21839456
  0.17126775 -0.03551595 -0.07027634  0.10404202 -0.11711274  0.15472755
 -0.17355957  0.12838376 -0.05205724  0.00750846]
[ 0.08353622 -0.05210267 -0.10104164  0.08957443  0.07582887 -0.10446036
 -0.10140686  0.23224586 -0.05178089 -0.17032079  0.05879994  0.24118296
 -0.31746412  0.05216776  0.13513774  0.05226106 -0.29061257  0.14805811
  0.22736474 -0.34348056  0.0983807   0.09630191  0.00173487 -0.15827444
  0.1008316   0.09426254 -0.15497824  0.02187983  0.13488045 -0.16752197
  0.12054048 -0.06452738  0.00669563  0.03110162 -0.03338335  0.06404112
 -0.16603083  0.23850976 -0.14949089 -0.04073544  0.09659909  0.0260124
 -0.12592319  0.05058488  0.07751364 -0.04984428 -0.09452695  0.13836089
 -0.00551833 -0.1254683   0.09267292  0.02952169 -0.07027628  0.00308733
  0.04742398 -0.00352778 -0.04346769  0.00410785  0.08421238 -0.1153445
  0.08027342 -0.0426415   0.03834558 -0.02564968]
[ 0.03260844 -0.07244977  0.06150017 -0.01154493 -0.01827174  0.00142694
  0.00890763  0.03757491 -0.09189579  0.06267929  0.02898727 -0.06861162
  0.00877455  0.03272542  0.02653054 -0.09654219  0.05137559  0.05883861
 -0.07568327 -0.02572571  0.08673795 -0.0178778  -0.05048311 -0.03447112
  0.18000261 -0.16286583 -0.01410448  0.09564315  0.02692216 -0.11314208
 -0.04414108  0.26867856 -0.23888096 -0.00075422  0.08357804  0.11263806
 -0.2477441   0.05061185  0.23287964 -0.19559136 -0.09457966  0.18845255
  0.05097096 -0.23426838  0.06655712  0.19030704 -0.14484022 -0.11189549
  0.16638713  0.07904599 -0.27643801  0.19205014 -0.02102587  0.02385506
 -0.13383803  0.09304887  0.11836802 -0.25911532  0.21932554 -0.13537505
  0.13281372 -0.14729773  0.08752613 -0.01414543]
[ 0.138461    0.14466933  0.13259917  0.13789908  0.14750754  0.14624118
  0.15233748  0.14644888  0.12388095  0.11161893  0.1000904   0.07516723
  0.05800176  0.03586486  0.00585085 -0.00032377 -0.00211468 -0.01932871
 -0.02157923 -0.02323331 -0.04114413 -0.04360569 -0.0580728  -0.09304693
 -0.10847864 -0.13407625 -0.16780816 -0.17022451 -0.18585858 -0.20982368
 -0.19773743 -0.19000977 -0.18074425 -0.14913115 -0.1479799  -0.14753516
 -0.12125929 -0.1225849  -0.1210197  -0.09588118 -0.09146174 -0.08687053
 -0.06760201 -0.05894241 -0.03065912  0.00775384  0.01594792  0.02318328
  0.0458189   0.05443704  0.05835709  0.0688628   0.06338088  0.07099005
  0.10280197  0.11893595  0.14491852  0.18112375  0.18792219  0.20342257
  0.224382    0.20999815  0.20626147  0.19317634]
[-0.0479206   0.09610551 -0.05855648 -0.02513428  0.0247322   0.06403413
 -0.07834507 -0.04208633  0.09570822  0.04546131 -0.20211791  0.15170045
  0.00326244 -0.00434021 -0.12173547  0.10358508  0.12228877 -0.30142154
  0.22781852 -0.06189786  0.0476426  -0.1274971   0.05060748  0.17159668
 -0.26148593  0.11554323  0.03264949  0.00848458 -0.08671307  0.00692587
  0.11458881 -0.06542551 -0.10088915  0.12022456  0.02719248 -0.0747104
 -0.06716924  0.13801291  0.01444357 -0.1570928   0.05108235  0.12646024
 -0.06721199 -0.15499499  0.17309916  0.07316198 -0.21273706  0.03402511
  0.17832988 -0.11098814 -0.07290269  0.01402352  0.24975201 -0.33289384
  0.11913217  0.12839758 -0.13054962 -0.00215211 -0.00670604  0.13745923
 -0.14464741 -0.02393025  0.15257914 -0.09305369]
[ 0.07143196  0.12539234  0.16468857  0.16707909  0.12919656  0.07225296
  0.00058336 -0.07891111 -0.13590785 -0.1632905  -0.17308181 -0.14146371
 -0.07448102 -0.00493709  0.07321337  0.12592861  0.130205    0.11561499
  0.06859088 -0.01270036 -0.08162199 -0.14372994 -0.19312417 -0.20109665
 -0.17791691 -0.12168385 -0.03692077  0.036188    0.09536464  0.13815351
  0.13896887  0.0986208   0.02539574 -0.06049556 -0.12716422 -0.16106497
 -0.16977418 -0.1350153  -0.06623037  0.00717329  0.09231215  0.16367309
  0.19422508  0.19144179  0.1401889   0.04550024 -0.03542812 -0.10503318
 -0.15899727 -0.15552575 -0.12565218 -0.07019332  0.02770879  0.11011617
  0.16686166  0.2043118   0.1845647   0.12591318  0.05470613 -0.03488495
 -0.11085626 -0.14868255 -0.15961122 -0.13871436]
[-0.01538631  0.00608036  0.03947594 -0.07952398  0.0919787  -0.08468352
  0.07810576 -0.07788098  0.05837723 -0.00089805 -0.07295408  0.10235586
 -0.04663749 -0.01332877 -0.00777315  0.07785147 -0.0791377  -0.01872971
  0.08627172 -0.01999363 -0.0798362   0.02951373  0.15722779 -0.24555168
  0.12124492  0.0181853   0.05310007 -0.21765861  0.18685091  0.05229487
 -0.21020207  0.12132713  0.00743299  0.06786037 -0.24723032  0.23568224
  0.01119191 -0.23567562  0.25145806 -0.17587006  0.19800699 -0.27086918
  0.21377923 -0.00698321 -0.18913392  0.25373518 -0.21402835  0.15263647
 -0.09766357  0.03767856  0.03617039 -0.10697454  0.14327458 -0.11410516
  0.04336384  0.03060098 -0.0558369   0.02939386 -0.01009971  0.0232018
 -0.02817238 -0.00634098  0.04901315 -0.03450724]
[ 0.10475002 -0.17118725  0.02828773  0.15557043 -0.15261368 -0.00100849
  0.04743207  0.05872707 -0.09020387 -0.08439123  0.23859661 -0.14640721
 -0.12062242  0.23688195 -0.07100247 -0.1229103   0.1114376   0.0063969
 -0.02007438 -0.07722531  0.0967043   0.02533517 -0.15474707  0.15071159
  0.00550077 -0.16604421  0.2081158  -0.09753983 -0.03922866  0.09316874
 -0.06152011  0.05142749 -0.11294637  0.13516339 -0.00335009 -0.16956402
  0.17295813 -0.00171172 -0.13902379  0.09239932  0.03963534 -0.08787172
  0.03284546 -0.00639363  0.04484689 -0.02729324 -0.09521731  0.22576402
 -0.2415708   0.14480188 -0.00859642 -0.1129688   0.17394697 -0.13409954
  0.05425222  0.03967532 -0.08336953  0.05060603  0.01122138 -0.07774899
  0.16367656 -0.25509343  0.28577676 -0.15438039]
[-0.1897815   0.29825044 -0.15174212  0.03622532 -0.07362555  0.08596684
  0.08515426 -0.26340785  0.2000706   0.00280902 -0.07159118  0.0225316
  0.02819807  0.02679039 -0.0284985  -0.10318125  0.17894587 -0.07310883
 -0.03159687 -0.02488356  0.08480293  0.06513543 -0.22257805  0.1010677
  0.14295842 -0.12494065 -0.1292557   0.22456141 -0.03208986 -0.13820712
  0.00952302  0.21199853 -0.17773457 -0.04667069  0.13244626 -0.00865522
 -0.11104557  0.05522323  0.08906603 -0.15898874  0.15759199 -0.08657334
 -0.02881981  0.084204   -0.00993413 -0.0431165  -0.08269868  0.24298109
 -0.161549   -0.11518113  0.23491829 -0.05687291 -0.11843897  0.05449197
  0.14056612 -0.14976552 -0.04592246  0.13002347  0.01521114 -0.15114645
  0.07465775  0.07705722 -0.07365238  0.0046328 ]
[  9.04541340e-02  -2.10359338e-02  -2.12457543e-01   1.91011731e-01
   1.05740464e-01  -2.57349952e-01   1.06281055e-01   1.70847441e-02
   1.24399713e-01  -2.40788080e-01   6.85004923e-02   1.68634886e-01
  -2.13163590e-01   3.04309535e-02   1.05864988e-01  -7.82859396e-02
   3.77101527e-02  -4.48419465e-02  -1.41240085e-02   1.42970641e-01
  -1.28031955e-01  -3.97442982e-02   6.52787615e-02   8.14290244e-02
  -7.74159882e-02  -1.51132239e-01   1.96521897e-01   7.82480927e-02
  -2.96929430e-01   1.59684590e-01   1.12736999e-01  -1.37941100e-01
  -3.41894333e-02   6.89132866e-02   7.98886478e-02  -1.16537315e-01
  -3.22833708e-02   1.22850447e-01  -2.83092449e-04  -1.48201636e-01
   1.23642600e-01  -7.41572990e-02   1.32371427e-01  -1.12624307e-01
  -9.05477315e-02   2.13422128e-01  -9.33501119e-02  -6.08301514e-02
   2.47413637e-02   5.19852201e-02   2.17650007e-02  -1.31470910e-01
   4.28753778e-02   1.17498648e-01  -1.49030561e-01  -3.54231807e-02
   1.73740514e-01  -8.99767722e-02  -2.90813754e-02   3.95455059e-03
   3.81663160e-02   6.80493113e-02  -2.46328138e-01   1.76991639e-01]
[ 0.14596674 -0.21209802  0.14803713 -0.11882541  0.02971496  0.13662207
 -0.21924585  0.08857698  0.10064505 -0.09504421 -0.02796845 -0.0144499
  0.1489988  -0.14472906 -0.09187458  0.26496222 -0.10601455 -0.19062185
  0.22346114  0.0029893  -0.14937316  0.06174829  0.03378579  0.0123625
 -0.04913285  0.0005434   0.0425379  -0.04255254  0.06607027 -0.06801359
 -0.04238165  0.18780722 -0.1626336  -0.05264408  0.18752791 -0.05770086
 -0.11213543  0.08497161  0.05633712 -0.05619813 -0.08206858  0.07554814
  0.09682647 -0.17780188  0.09318743 -0.04748412  0.06893905  0.01183104
 -0.15871025  0.11206063  0.14241077 -0.2555277   0.05577852  0.15711712
 -0.10439894 -0.08847206  0.04787388  0.18468778 -0.21121547 -0.05693774
  0.2397959  -0.10020208 -0.10404015  0.08750367]
[-0.17306258 -0.12768019 -0.05229757 -0.00375368  0.07394365  0.12346091
  0.10958462  0.10108431  0.05208773 -0.0414759  -0.10321054 -0.16519846
 -0.21527967 -0.19953356 -0.16191819 -0.09832346  0.00626441  0.08660897
  0.13647644  0.17524075  0.17264662  0.12986691  0.06764025 -0.00983144
 -0.07573833 -0.11044684 -0.12868853 -0.12140048 -0.06877826  0.00609968
  0.08043811  0.14792211  0.18453887  0.17886278  0.13857128  0.06423037
 -0.0194418  -0.08543871 -0.13780023 -0.16240772 -0.13666789 -0.07045042
  0.01758907  0.10552154  0.16485084  0.19232968  0.19242635  0.14461605
  0.05686767 -0.03556128 -0.1245448  -0.18764904 -0.20526318 -0.19546824
 -0.14257703 -0.04777374  0.03703847  0.11089582  0.16590544  0.16428929
  0.13101758  0.07389411 -0.00946787 -0.06620725]
[-0.08658791  0.1825234  -0.08140656 -0.16904629  0.26014977 -0.08304433
 -0.10357528  0.04211043  0.11031674 -0.07657077 -0.09203102  0.10365703
  0.09497082 -0.23175994  0.13664325  0.04056249 -0.15444106  0.17544955
 -0.10730761 -0.04386599  0.13800306 -0.064851   -0.06276308  0.05619426
  0.06891473 -0.10589047 -0.02229014  0.16452255 -0.09046481 -0.1417545
  0.20990233 -0.00420913 -0.2040972   0.18041622 -0.03740057 -0.04614353
  0.06603469 -0.06172806  0.03205792 -0.02531625  0.08049014 -0.11116662
  0.01462619  0.11007852 -0.0931872  -0.07481114  0.22004756 -0.14375932
 -0.10606453  0.25477002 -0.12617271 -0.09105481  0.13244769 -0.00155797
 -0.05646081  0.0028378   0.05292426 -0.0084366  -0.11962171  0.16825483
 -0.02131525 -0.19972313  0.27352046 -0.13580659]
[ 0.10880694  0.16479122  0.18137438  0.14611593  0.07986326 -0.01331199
 -0.09744474 -0.13135719 -0.12425607 -0.07797623  0.00821402  0.089691
  0.13752455  0.14728227  0.09890603  0.00687892 -0.08429448 -0.16204687
 -0.20048408 -0.16673108 -0.09021101  0.00595636  0.10984996  0.16758908
  0.16375466  0.11456688  0.01382018 -0.09933679 -0.17634789 -0.20917524
 -0.17026492 -0.07071319  0.03521387  0.13212937  0.19632817  0.20028106
  0.15232449  0.05882919 -0.04877389 -0.12242724 -0.14522083 -0.10662125
 -0.02168408  0.06689111  0.14015626  0.17898573  0.16779973  0.11593603
  0.02359702 -0.07728093 -0.13117618 -0.13199477 -0.08830277 -0.00585124
  0.07861912  0.13825587  0.16113763  0.12403209  0.03990367 -0.05205113
 -0.13393841 -0.18099434 -0.16725178 -0.11909625]
[-0.13825773 -0.11714833 -0.10568056 -0.09891652 -0.09688062 -0.14008298
 -0.18803532 -0.20077787 -0.20965746 -0.18949534 -0.12698384 -0.06455466
  0.02250405  0.12034635  0.16506823  0.18750389  0.19116027  0.14404867
  0.10919797  0.09119539  0.0521418   0.04711804  0.06910888  0.08026656
  0.12114397  0.1490842   0.12044567  0.09683983  0.05917693 -0.01050195
 -0.04109267 -0.05412943 -0.06844016 -0.03583579 -0.00715984 -0.00143613
  0.03237571  0.03938795  0.00102524 -0.0253966  -0.07443101 -0.13163084
 -0.13859372 -0.14805714 -0.1546046  -0.11948373 -0.11408613 -0.13021332
 -0.12100286 -0.13935031 -0.15106838 -0.11646484 -0.09116177 -0.03959961
  0.05197917  0.11038382  0.17122607  0.23380382  0.23197941  0.21500599
  0.1946808   0.14055446  0.11208298  0.10199138]
[ 0.15552306 -0.12379836 -0.12916868  0.12805163  0.11662326 -0.1402133
 -0.14032298  0.22848466  0.04215336 -0.1879223  -0.023867    0.11277868
  0.02491286 -0.06524808 -0.06219871  0.06676395  0.06722967 -0.06081845
 -0.09828668  0.10524762  0.04733331 -0.12819205  0.01468987  0.12456867
 -0.06300813 -0.10369881  0.12756283  0.03272192 -0.06177066 -0.06141284
  0.05227229  0.07910115 -0.03079089 -0.12577707  0.03059165  0.19167309
 -0.10763021 -0.16582375  0.11994591  0.15445415 -0.21743336 -0.01328157
  0.14531008 -0.03680364 -0.07285188  0.04656014  0.07150304 -0.067025
 -0.01615818 -0.011983    0.07723577  0.02694774 -0.15715448  0.01043549
  0.26095873 -0.07415331 -0.2832989   0.17015309  0.22144715 -0.19046295
 -0.16214355  0.19379428  0.14975343 -0.20393203]
[  8.68762696e-02   8.18027035e-03  -1.84247165e-01   4.91683799e-02
   1.25139092e-01  -1.68403578e-02  -2.99926137e-02  -7.86579395e-02
  -2.96131922e-05   1.27111459e-01   2.34225003e-02  -1.16158248e-01
  -1.04532847e-01   8.77342347e-02   1.84766454e-01  -7.66824965e-02
  -1.52341313e-01  -1.43545563e-02   7.62408624e-02   1.80627214e-01
  -8.75088347e-02  -2.54343152e-01   9.17671434e-02   1.94890729e-01
   1.23816882e-02  -1.11135987e-01  -1.51505538e-01   7.07382635e-02
   2.12134572e-01  -9.26099353e-03  -1.76516143e-01  -1.12336989e-01
   1.52465042e-01   1.82265679e-01  -1.08138722e-01  -1.42342271e-01
  -6.06259388e-02   1.12152120e-01   2.14338494e-01  -1.48426242e-01
  -2.34448752e-01   1.14474423e-01   1.46395535e-01   3.65365193e-02
  -9.79141564e-02  -1.57166666e-01   1.11683474e-01   1.51296149e-01
  -2.34929471e-02  -1.27502961e-01  -1.00146633e-01   1.36679584e-01
   1.21107767e-01  -6.81472609e-02  -5.50677588e-02  -6.81534269e-02
   7.58880421e-02   1.80871459e-01  -1.63572305e-01  -1.40522002e-01
   1.27716857e-01   7.89026329e-02   4.22346231e-02  -1.38840946e-01]
[ 0.16899961 -0.08770226 -0.08890943 -0.11671239  0.22371581  0.12684255
 -0.33396162 -0.00243176  0.25674585 -0.0087474  -0.12626907 -0.12297218
  0.07462471  0.15779277 -0.08508451 -0.06692618 -0.02172789  0.05916766
  0.09347373 -0.11120582 -0.02031292  0.03888376 -0.08195241  0.14916921
  0.03617594 -0.2357723   0.02868758  0.15301085  0.04368464 -0.092867
 -0.12778608  0.10098169  0.14215143 -0.07280192 -0.11189364 -0.02119352
  0.15603984  0.04361615 -0.18420483  0.05752989  0.02676094 -0.06081449
  0.14038693 -0.04912276 -0.13762237  0.06424361  0.05596787  0.04849403
 -0.0712271  -0.13182118  0.12866944  0.10150897 -0.06560805 -0.15164644
 -0.03506841  0.24702929  0.01242884 -0.28896497  0.11798046  0.12710563
 -0.07124162 -0.0181148  -0.12542883  0.14266189]
[-0.07943638 -0.03231952  0.05719617  0.14674023  0.20848673  0.2266752
  0.17938038  0.09157439 -0.0030804  -0.0983878  -0.15359568 -0.14428117
 -0.09683883 -0.01687208  0.07008947  0.11490641  0.12148962  0.07816207
 -0.02426269 -0.12374542 -0.19031209 -0.21926119 -0.17731893 -0.08784538
  0.01214721  0.11796533  0.17746214  0.16269425  0.10930436  0.01883112
 -0.08742621 -0.15261439 -0.17248745 -0.14075332 -0.04630564  0.05723633
  0.13443007  0.18343716  0.17173348  0.10389809  0.02478689 -0.05719314
 -0.11409756 -0.1078925  -0.06209309  0.01408112  0.11792654  0.18932139
  0.20127579  0.16600542  0.07381978 -0.03605806 -0.11546078 -0.17393172
 -0.18693595 -0.13186881 -0.05746049  0.02204373  0.09035936  0.09184127
  0.0405984  -0.03494744 -0.13149221 -0.18559064]
[-0.12370766  0.02172127  0.01563543  0.18082692 -0.07399331 -0.17423421
  0.10246086  0.01095544  0.00242754  0.0523628  -0.09845677 -0.02423618
  0.11371259  0.08343074 -0.03129157 -0.19920285  0.00296324  0.2081409
  0.03920443 -0.08213169 -0.18447981  0.04226263  0.31239827 -0.06598205
 -0.26380444  0.02335116  0.13199405  0.13248262 -0.06504199 -0.22437557
  0.02100846  0.17949381  0.09679567 -0.10697118 -0.18845475  0.05731249
  0.14315267  0.04831215 -0.04596126 -0.22327577  0.06656182  0.28472433
 -0.09376369 -0.17920446 -0.01671937  0.09119568  0.17295041 -0.09385576
 -0.19725999  0.0646939   0.11370043  0.04303839 -0.0982304  -0.0624634
  0.11861925 -0.00873862 -0.04162427  0.06572374 -0.12782085  0.01244103
  0.13386661 -0.0629027   0.05757444 -0.08993316]
[ 0.14041006 -0.28487581  0.15021556  0.14512708 -0.23341844  0.10096195
  0.02024338 -0.06091425  0.10137571 -0.1029039  -0.00837867  0.07826391
 -0.06055854  0.0487974  -0.08036981  0.03841755  0.12169653 -0.22286261
  0.07574842  0.13738477 -0.19484291  0.10332144 -0.00059472 -0.1308575
  0.21006295 -0.07853314 -0.14167896  0.15813312 -0.01556838 -0.00903801
 -0.01013136 -0.07321296  0.08796108 -0.01156525  0.01883681 -0.01452831
 -0.13674531  0.19177718  0.01793037 -0.19503405  0.13775042 -0.05030066
 -0.03522146  0.18565778 -0.19936019 -0.01582399  0.21002433 -0.12196883
 -0.01741896  0.03154116 -0.03364554  0.08116644 -0.0787534   0.00869004
  0.07494886 -0.07752064  0.07216966 -0.07426324 -0.0310173   0.21438274
 -0.208648   -0.06078175  0.27113175 -0.16083632]
[-0.1921557   0.12289091  0.23815981 -0.21607652 -0.12881936  0.19153688
  0.06747438 -0.11243563 -0.12908374  0.09081032  0.17219096 -0.07814749
 -0.12651959  0.03789171  0.162451    0.00644183 -0.27405244  0.04738487
  0.2996391  -0.13527828 -0.17785326  0.08720605  0.0762606   0.05326462
 -0.12404874 -0.11539031  0.21104981  0.06753117 -0.1923726  -0.03101873
  0.11828793  0.02366869 -0.1245663   0.01476077  0.11336928 -0.09096019
 -0.04000006  0.06627615  0.00135189  0.06512404 -0.09177652 -0.1110254
  0.21321878 -0.00273339 -0.19870918  0.08398349  0.07145549 -0.02590268
 -0.0085463  -0.05693507  0.02630638  0.03021029 -0.00722219  0.02703169
 -0.0059503   0.02161969 -0.04492266 -0.03035431  0.14469932 -0.09282978
 -0.15549795  0.22809992  0.06623391 -0.14481483]
[-0.18253558  0.09582223  0.20241616 -0.05611598 -0.14255977 -0.07708583
  0.12744268  0.1652572  -0.13523969 -0.18914289  0.07884914  0.22862005
  0.03624605 -0.27305005 -0.06805326  0.23787386  0.06944138 -0.09752071
 -0.1146056   0.01962774  0.19305072 -0.0541304  -0.20006427  0.09031652
  0.12689121 -0.04317926 -0.07968869  0.00248071  0.11107544 -0.01541804
 -0.13121224  0.01618547  0.13367779  0.08232099 -0.17245957 -0.18399862
  0.20217294  0.1665182  -0.12539905 -0.10717555 -0.02221498  0.14225735
  0.13078701 -0.21015391 -0.13092745  0.15809358  0.10863489 -0.01251376
 -0.1151438  -0.07664853  0.08984243  0.06711567  0.00308284 -0.06313061
 -0.05530443  0.11037447  0.02576462 -0.05486214  0.00264882 -0.09402229
  0.03142208  0.16938826 -0.06063361 -0.07963295]
[-0.06116314 -0.04842953  0.09257352  0.08542343 -0.00178202 -0.10442857
 -0.11888423  0.10838444  0.18495669 -0.07796159 -0.21636031  0.02528952
  0.27129156  0.07807391 -0.24978019 -0.15911966  0.17146658  0.23183191
 -0.08056351 -0.26690907  0.03398428  0.25002775 -0.01356313 -0.19059702
 -0.03213338  0.12539086  0.06894469 -0.097069   -0.06271376  0.08637527
  0.03215097 -0.09798681 -0.04173494  0.1260629   0.0568143  -0.16649776
 -0.07457948  0.12195392  0.09898138 -0.01690079 -0.14192427 -0.05275755
  0.17775373  0.0639553  -0.13921249 -0.08357443  0.0194622   0.12202114
  0.0669159  -0.14404877 -0.11974811  0.07219431  0.15931151  0.0379949
 -0.16398219 -0.05808061  0.11940639  0.0759735  -0.03982144 -0.14576869
 -0.02745604  0.18699833  0.02555761 -0.10791315]
[ 0.01248673  0.0029172  -0.03603595  0.06717282 -0.05697262 -0.0777058
  0.14007481  0.0344543  -0.11558832 -0.02487455  0.05051362  0.07120652
 -0.03195699 -0.09600066  0.02009541  0.0659734   0.03623112 -0.0425229
 -0.07364766  0.04407418  0.02431429 -0.01764135  0.06564451 -0.0734047
 -0.08993404  0.13454538  0.05406204 -0.08992709 -0.07292895  0.00291227
  0.14172543  0.02503613 -0.18025003 -0.02100565  0.17222392  0.04658701
 -0.17413747 -0.06882878  0.18849028  0.04418534 -0.1756499  -0.01661709
  0.14629504  0.08427118 -0.15264861 -0.19669641  0.1946902   0.22383777
 -0.21881259 -0.19785817  0.17298692  0.21851444 -0.08687312 -0.27634791
  0.01758511  0.26052995  0.03619122 -0.21654082 -0.08712853  0.20170332
  0.10837181 -0.2055481  -0.07934904  0.15002498]
[  1.60368446e-02   2.96898528e-02  -9.24869708e-02  -4.18445936e-03
   8.28974975e-02   3.11148222e-02  -2.76370768e-02  -1.01457843e-01
   3.20273206e-02   1.42005972e-01  -4.88484770e-02  -1.17171023e-01
   1.76800469e-02   7.46935605e-02   3.93186161e-02  -8.10581948e-02
  -3.32546054e-02   8.30180849e-02  -4.48132059e-02  -4.25861199e-02
   7.68823765e-02   2.15372983e-02  -5.60207061e-02  -8.48410199e-02
   5.58120807e-02   1.72781047e-01  -1.08446442e-01  -2.13959862e-01
   1.10781492e-01   2.01328930e-01  -2.15047810e-02  -2.12151080e-01
  -7.27275887e-02   2.50401981e-01   9.41713134e-02  -2.26394406e-01
  -6.95338949e-02   1.59605798e-01   8.53305040e-02  -1.30212643e-01
  -1.10684914e-01   1.64075107e-01   1.06532114e-01  -1.77391952e-01
  -6.96332007e-02   1.58763653e-01   9.10448137e-02  -1.51883760e-01
  -1.58722598e-01   1.82368791e-01   2.20304471e-01  -1.69015095e-01
  -2.30722583e-01   8.11985691e-02   2.08722435e-01   1.45794148e-04
  -2.20772328e-01  -4.59959752e-02   2.04283940e-01   6.95251907e-02
  -1.36434607e-01  -1.12529437e-01   2.41784564e-02   9.20677953e-02]
[-0.12134721 -0.09722621  0.0831595   0.29316912 -0.13064684 -0.22499768
  0.14319439  0.02686842 -0.00095868  0.04870203 -0.14488736  0.05906155
  0.14758495 -0.08387098  0.01783172 -0.0252623  -0.11739944  0.05031329
  0.07024727  0.0909618  -0.04773455 -0.1750426   0.14144312  0.09359405
 -0.13035686 -0.01885158 -0.11692413  0.08959417  0.26891265 -0.22991188
 -0.12929238  0.16300308 -0.10241127  0.08127597  0.1094707  -0.18889921
  0.05779729  0.04079765 -0.08084538  0.14408383 -0.04507154 -0.12630091
  0.10572743  0.06868257  0.02813722 -0.10856815 -0.14668137  0.12415233
  0.06877817  0.01169758  0.03826212 -0.17171371  0.02156921  0.14836911
 -0.12947196 -0.00933731 -0.00256537 -0.1119095   0.23260699  0.1009145
 -0.27447824 -0.07790505  0.06057913  0.14563077]
[ 0.03427756 -0.1098201   0.16470142 -0.03386782 -0.17203117  0.16588917
 -0.04102491 -0.08582156  0.17147595 -0.1109353  -0.04328585  0.1378008
 -0.13447421  0.03080144  0.07339823 -0.11275336  0.09014759 -0.01028965
 -0.0526065   0.09738624 -0.12918119  0.03266448  0.10817181 -0.1584365
  0.12376152  0.01152369 -0.18201938  0.21928881 -0.06593143 -0.14484052
  0.25542402 -0.15122432 -0.07034941  0.23110322 -0.2132606   0.01939545
  0.17297261 -0.20417765  0.1156722   0.08531974 -0.18461281  0.11941783
 -0.02055354 -0.07850572  0.12534865 -0.10128631  0.00528327  0.0752135
 -0.10737387  0.10317509 -0.01896909 -0.11929435  0.15322677 -0.0781806
 -0.04796798  0.1599984  -0.15813645  0.00095332  0.17271385 -0.16375385
  0.01801396  0.07118823 -0.16277788  0.12888707]
[-0.13924202 -0.08142958  0.01927997 -0.10883422 -0.02328004  0.06097315
 -0.08238081  0.03301971  0.11885157 -0.01429454  0.12661478  0.17328754
  0.00040521  0.10997883  0.07316298 -0.14337961 -0.03402617 -0.08251336
 -0.25199153 -0.08102179 -0.10251601 -0.19334333  0.05941645  0.07034697
  0.02498727  0.26517985  0.19253176  0.09484063  0.27305624  0.13545868
  0.02299877  0.1505249  -0.05455291 -0.16895417 -0.04123728 -0.22761384
 -0.27050411 -0.10363217 -0.24925854 -0.20708586  0.01048831 -0.08797627
  0.01021915  0.20477669  0.0544388   0.1035589   0.20100732 -0.01635747
  0.01255225  0.07156878 -0.13491787 -0.0621033   0.00489728 -0.16184787
 -0.03761889  0.03605996 -0.09946863  0.03090059  0.05920993 -0.07590433
  0.0638688   0.08687664 -0.01316414  0.13165897]
[ 0.33521118 -0.13903769 -0.25044502  0.00150284 -0.01892622  0.16626362
  0.12330491 -0.19503011  0.01365424  0.09000265 -0.11278731 -0.01314103
 -0.06791952 -0.03967178  0.16834667  0.05357381  0.02433859 -0.03199724
 -0.21498904  0.00444763  0.09076596  0.02493063  0.13093153 -0.09663824
 -0.07881226  0.17833188 -0.10546684 -0.10161686  0.10103851 -0.07416186
  0.14360891  0.16506651 -0.2494594  -0.06524204  0.04233414 -0.06450605
  0.2024139   0.0484253  -0.18440453  0.05200928 -0.00522471 -0.07477647
  0.02194088 -0.08906213  0.04785773  0.18292208  0.01301815 -0.02907286
 -0.11650308 -0.12620325  0.06921756  0.04331242  0.06092532  0.07798204
 -0.13009651  0.0124722   0.13777528 -0.10074402 -0.07158973 -0.02466356
 -0.02093479  0.25542734  0.08820127 -0.29135059]
[-0.02852533 -0.19682701 -0.06314731 -0.04927086 -0.1885263  -0.0093656
  0.0047338  -0.10686013  0.10228794  0.08224949 -0.03197848  0.18746902
  0.13739426  0.03344909  0.24457679  0.1299029   0.00325834  0.18359351
  0.01398454 -0.11026071  0.05265085 -0.14527411 -0.2204737  -0.01693443
 -0.18319249 -0.18035718  0.05447939 -0.09747454 -0.04360507  0.18401943
  0.00659298  0.06114293  0.23696709  0.01837814  0.06690404  0.17296992
 -0.10668325 -0.07357355  0.00174983 -0.25364864 -0.15969965 -0.06846068
 -0.2675716  -0.09069247  0.03348875 -0.11391474  0.09131922  0.16830721
 -0.00231375  0.1745334   0.18553186  0.000399    0.15745066  0.12480273
 -0.03856019  0.13445863  0.08827973 -0.0543399   0.09864657  0.01164847
 -0.11803707  0.02514571 -0.06970898 -0.14924326]
[-0.01395277  0.00476622 -0.04496099 -0.06872399  0.0474261   0.12615409
  0.0953738   0.00359987 -0.1401666  -0.16769549 -0.03319585  0.08781276
  0.15750693  0.14416737  0.03223414 -0.07437895 -0.14513744 -0.15306105
 -0.05181719  0.0920933   0.21646479  0.20183319  0.01314269 -0.16375442
 -0.23775688 -0.16373557  0.06488365  0.20900665  0.19265639  0.10194841
 -0.09789249 -0.2207915  -0.15576079 -0.06178948  0.0838353   0.22302114
  0.16860935  0.01995639 -0.14147753 -0.24998982 -0.12965994  0.07894026
  0.180447    0.17093578  0.04218386 -0.09163064 -0.13978733 -0.13506856
 -0.04598166  0.0637149   0.11710343  0.13165012  0.03513973 -0.09977966
 -0.13292124 -0.11138832  0.00078655  0.1379148   0.10224911  0.00443135
 -0.04752321 -0.08847016 -0.02688304  0.04415307]
[  1.27493145e-01  -4.34828721e-02   1.03305582e-01   1.20536243e-01
  -7.19059384e-02   8.82174508e-02   6.97512358e-02  -1.18525639e-01
   7.27215100e-02   2.79846825e-02  -1.53780995e-01   4.22859758e-02
  -5.59448706e-02  -2.28778206e-01  -5.01643247e-03  -1.05531450e-01
  -2.20062893e-01   4.74489822e-02  -4.94540517e-02  -1.00417517e-01
   2.00055795e-01   8.41098547e-02   4.29645663e-02   2.91374977e-01
   8.82703378e-02   2.06878745e-02   2.15318532e-01  -3.80477892e-02
  -8.90612726e-02   8.80619022e-02  -1.74791463e-01  -1.76449603e-01
   6.88878440e-03  -2.29242603e-01  -1.47271156e-01   6.88612930e-02
  -1.24931136e-01   1.48393215e-02   2.08388519e-01  -2.04471342e-03
   1.39181401e-01   2.68625467e-01   1.63703208e-02   1.22031579e-01
   1.55515407e-01  -1.34349714e-01  -2.24840537e-02   1.88037814e-04
  -2.34124012e-01  -6.71246645e-02  -4.72635034e-02  -2.38641626e-01
  -3.65276250e-02  -1.77181318e-02  -1.61437430e-01   4.85101936e-02
   2.72188213e-02  -1.07677748e-01   9.48865887e-02   6.08197031e-02
  -3.24155529e-02   1.61611060e-01   8.46482675e-02  -2.31514110e-02]
[-0.08751333  0.05762018  0.05469189 -0.04768283 -0.07811025 -0.06994895
  0.07543193  0.18707871  0.05417765 -0.07792704 -0.12628799 -0.12335222
  0.01167181  0.10247448  0.11418777  0.11534408  0.00620198 -0.09077399
 -0.12481172 -0.16749293 -0.0506172   0.1332813   0.21373489  0.20218013
 -0.0246218  -0.25995749 -0.2203081  -0.0940652   0.07431006  0.23342009
  0.15829857  0.03503168 -0.05467243 -0.20105081 -0.18673913 -0.0472374
  0.0689718   0.22828202  0.22561563 -0.00556983 -0.18803432 -0.23952925
 -0.12139505  0.09810436  0.17125024  0.12446149  0.04673565 -0.06382808
 -0.10709236 -0.09785016 -0.05874875  0.04886312  0.10677477  0.10189969
  0.06514494 -0.08208482 -0.16611924 -0.06796272  0.04990978  0.12345463
  0.08294082 -0.06827093 -0.07297173  0.03633713]
[ 0.18249884  0.08673685 -0.17766497 -0.26125793 -0.07345718  0.13290441
  0.20391296  0.11143298 -0.05693408 -0.1108686  -0.06854831 -0.07871485
 -0.07582653  0.0089295   0.08645572  0.14762909  0.14292227 -0.02921731
 -0.21321749 -0.20218607 -0.05133551  0.12510153  0.20295101  0.09048802
 -0.04751391 -0.04600469 -0.02579634 -0.06761758 -0.08012207 -0.05383688
  0.02280097  0.16267792  0.16751296  0.00484367 -0.09030646 -0.0982823
 -0.07507282 -0.00384908 -0.00725436 -0.03305213  0.09243104  0.17626215
  0.07523146 -0.07277679 -0.19780903 -0.19582545 -0.00785338  0.14507363
  0.15186423  0.0928331  -0.01076858 -0.08896881 -0.0746384  -0.06351186
 -0.09754225 -0.05194895  0.11206653  0.21133089  0.11840302 -0.10199814
 -0.2668368  -0.16607667  0.10831581  0.20984231]
[-0.09850144 -0.09544304 -0.02213243  0.09203906  0.16104135  0.11270932
 -0.00728679 -0.12099331 -0.16365112 -0.09173924  0.03890059  0.14495479
  0.18420768  0.11307457 -0.02466046 -0.14252859 -0.2029817  -0.15164729
  0.00222241  0.14220202  0.20011572  0.14923947  0.00783013 -0.11499116
 -0.16441408 -0.14956841 -0.06947592  0.02695533  0.09216687  0.12756473
  0.10639508  0.0354937  -0.0384695  -0.10646408 -0.13133075 -0.09347786
 -0.02429426  0.07564344  0.16440266  0.17375666  0.09987497 -0.04715332
 -0.19495191 -0.21861837 -0.1200257   0.04186208  0.19705948  0.22813383
  0.13471252 -0.01006759 -0.16146722 -0.21661302 -0.1367342  -0.00552383
  0.12656132  0.18033748  0.1024964  -0.02832092 -0.13382919 -0.16002025
 -0.07488639  0.03261188  0.08107852  0.08519157]
[ 0.19230039  0.12056722 -0.09940208 -0.13331925  0.01302303  0.00525625
 -0.05256751 -0.06190652 -0.05994426  0.11048667  0.25570726  0.08395827
 -0.14142007 -0.22617121 -0.21963733 -0.02404722  0.18821528  0.16166592
  0.07065173  0.0391849  -0.01449896 -0.0377722  -0.0630314  -0.15422734
 -0.13345814  0.0433055   0.15605112  0.13792479  0.06849702 -0.02793398
 -0.07734092 -0.02807686 -0.03785589 -0.12127736 -0.06390432  0.07987113
  0.1560199   0.1869265   0.06441152 -0.15855506 -0.16142117 -0.06395241
 -0.0644526  -0.00078589  0.05922896  0.07222666  0.19162735  0.15933954
 -0.0996593  -0.22396444 -0.2083115  -0.10308164  0.1532464   0.22390121
  0.02518811 -0.09829788 -0.09217504 -0.0153644   0.0930665   0.00963504
 -0.17465648 -0.12287458  0.08631485  0.21015091]
[ 0.17965598  0.07929339 -0.08303675 -0.28672488 -0.19018784  0.15887551
  0.26038063  0.15842339 -0.03705072 -0.27815906 -0.17468879  0.0987283
  0.11403891  0.06010069 -0.04827355 -0.17068824  0.00312276  0.17662788
  0.09536795  0.01497211 -0.08664192 -0.14549742 -0.00330381  0.06377924
  0.00660116  0.02031473  0.02913672  0.03807267  0.06263517 -0.01766872
 -0.09815703 -0.07338338 -0.0067521   0.06013699  0.06265466  0.02552049
  0.02200361  0.00183978 -0.0192605  -0.05017426 -0.11024147 -0.03618919
  0.0943498   0.07694289  0.03270093 -0.03845116 -0.10843631  0.04476329
  0.15488771  0.01591695 -0.09463594 -0.18438535 -0.16190181  0.15786875
  0.30707547  0.13069143 -0.04938459 -0.24332423 -0.24170615  0.06610392
  0.17764839  0.08001329  0.02490257 -0.08187363]
[ 0.05743401  0.15736114  0.07098603 -0.07492428 -0.21370492 -0.26002591
 -0.01940128  0.25296122  0.26926009  0.12988577 -0.11284383 -0.2794781
 -0.14640809  0.03774052  0.07674967  0.05255529 -0.03863162 -0.0689089
  0.05575118  0.12181706  0.06447968 -0.02151193 -0.11213699 -0.1221755
 -0.03103876  0.04393752  0.07003531  0.07382237  0.0601685   0.0268443
 -0.02754969 -0.07725885 -0.10151719 -0.06917194  0.02199366  0.07819377
  0.07740558  0.08335119  0.04274676 -0.03988399 -0.07888349 -0.11119708
 -0.0874608   0.04703608  0.11107371  0.06280918  0.01859304 -0.04273411
 -0.0324989   0.08578129  0.06145059 -0.09149676 -0.1751963  -0.17911279
 -0.00836469  0.25157036  0.26434532  0.0567065  -0.15676958 -0.28856531
 -0.18041922  0.07192893  0.16428634  0.11825508]
[ -3.68783919e-02   2.56431949e-02   1.54482747e-01  -6.12494819e-02
   2.60754684e-02   1.39297033e-01  -9.37219828e-02   2.14223246e-02
   9.74011813e-02  -1.63445668e-01  -2.13908970e-02   3.59859590e-02
  -2.06783910e-01  -2.52674060e-04   5.63842369e-02  -1.51803163e-01
   1.10996679e-01   1.48188963e-01  -5.59366545e-02   1.96497872e-01
   1.42620657e-01  -9.64697244e-02   1.30965505e-01   1.17489824e-02
  -2.18658157e-01   1.92560626e-02  -1.15267110e-01  -2.80159945e-01
   7.84636163e-03  -1.16440264e-01  -2.13865641e-01   1.03907476e-01
  -2.05097976e-02  -6.82865232e-02   2.42463183e-01   7.46997883e-02
   3.22153635e-02   3.01505557e-01   8.32480891e-02   3.96720882e-02
   2.40349156e-01  -4.78441137e-02  -9.13480973e-02   8.78694566e-02
  -1.81303203e-01  -1.46003888e-01   5.12431369e-02  -1.81753339e-01
  -7.24045802e-02   1.30915382e-01  -7.73516007e-02   5.81281476e-02
   1.98217472e-01  -4.65237743e-02   7.04217521e-02   1.44770690e-01
  -1.01721830e-01   2.79979041e-02   7.16003543e-02  -1.47043245e-01
   1.69987949e-03   1.95632338e-02  -1.66621818e-01  -4.19657185e-03]
[ 0.00353237  0.05241801 -0.02001461 -0.02102321 -0.054551   -0.07433706
  0.09014369  0.12744861 -0.00768007 -0.0583848  -0.11090707 -0.06720852
  0.12757489  0.10215438 -0.07048852 -0.11314081 -0.09049544  0.05366283
  0.21026005  0.07229808 -0.15006716 -0.17488313 -0.05206574  0.15274146
  0.22078682  0.00623863 -0.20900874 -0.17975504  0.03235499  0.22404929
  0.17163363 -0.08351498 -0.25012535 -0.14557899  0.13032523  0.25552748
  0.09309515 -0.13776775 -0.22178395 -0.06888421  0.18984521  0.20186052
 -0.01716245 -0.15707122 -0.15925064  0.00726024  0.21482117  0.12565243
 -0.08867987 -0.13526899 -0.10879786  0.02696272  0.16059572  0.02657137
 -0.09541906 -0.04175247 -0.01123372  0.06859168  0.10087481 -0.05999445
 -0.09855579  0.00109857  0.02562609  0.06987648]
[ 0.02742549  0.02317088 -0.13151402 -0.04023938  0.06114702  0.02667246
  0.10471081  0.00913985 -0.17211458 -0.03433388  0.06373163  0.02531781
  0.05668173 -0.0971135  -0.19714879  0.04151391  0.16713285  0.10614596
  0.01873174 -0.18599951 -0.1996696   0.07457952  0.19089319  0.09781628
 -0.05420855 -0.19331211 -0.08840187  0.17086954  0.22386193  0.03672812
 -0.18570558 -0.22227655 -0.01893907  0.20523366  0.22688796  0.00083161
 -0.21924796 -0.14784577  0.05168039  0.16324154  0.14069109 -0.09396213
 -0.23616169 -0.02925125  0.14183219  0.15530507  0.1082365  -0.13102575
 -0.20651098  0.03754224  0.09680628  0.05221752  0.05098545 -0.11863923
 -0.09329938  0.1325594   0.07283385 -0.01208152 -0.01529631 -0.14573549
 -0.05897113  0.12219613  0.03473767  0.00871172]
[ 0.05631491 -0.02510393 -0.27317643  0.11227485  0.11372493 -0.1058809
  0.20905247  0.04973309 -0.19717149  0.12819444 -0.04446923 -0.20245792
  0.18235216  0.04126608 -0.06494423  0.21554751 -0.04264589 -0.16667101
  0.11658493 -0.01545582 -0.03644792  0.12488406 -0.10172642 -0.11790057
  0.11028799  0.05670073  0.03402643  0.03484088 -0.13037    -0.13182221
  0.00959365  0.0807606   0.05889668 -0.00928957 -0.01090809 -0.02227202
  0.0094455   0.1206659  -0.02951463 -0.14854815  0.03096058 -0.01518569
 -0.00038623  0.21807328 -0.04262393 -0.15783995  0.11260633 -0.06604286
 -0.04551218  0.19535404 -0.17170088 -0.14952187  0.21137161 -0.04573736
  0.03391411  0.20622275 -0.24430194 -0.14518062  0.1211505  -0.15014914
  0.06890771  0.22194695 -0.14823944  0.0251883 ]
[ 0.24221015  0.22291841  0.17389248  0.04707537 -0.08665034 -0.14951572
 -0.21379838 -0.23320243 -0.17907482 -0.14928712 -0.08208153  0.02988034
  0.07649349  0.128581    0.17243513  0.12883212  0.11035423  0.10009136
  0.02931354  0.00837229 -0.00843073 -0.07150316 -0.07569449 -0.09064448
 -0.14387603 -0.12572252 -0.10782717 -0.1042371  -0.03744365 -0.00444162
 -0.00629665  0.03684425  0.04012874  0.02098647  0.04156263  0.0134067
 -0.02205901  0.00320691 -0.00027461  0.00642287  0.05789539  0.05511463
  0.0576408   0.09919334  0.08973536  0.0948436   0.12404139  0.08851137
  0.07731504  0.07820836  0.0030301  -0.05604817 -0.11211152 -0.20998648
 -0.23869779 -0.23888307 -0.25003616 -0.17971172 -0.09103852 -0.01460331
  0.11456827  0.20102487  0.21300308  0.20486252]
[-0.10135312 -0.15372986 -0.19819463 -0.19202478 -0.13151116 -0.06303513
  0.02726002  0.11483648  0.15966994  0.2011327   0.22627773  0.20602514
  0.18407178  0.14592737  0.08347365  0.05149426  0.01919707 -0.03355507
 -0.05825735 -0.09036927 -0.13483586 -0.13667668 -0.14314278 -0.1595558
 -0.13714986 -0.12546372 -0.11665984 -0.07291669 -0.0620523  -0.07064946
 -0.04608589 -0.03949224 -0.02520783  0.02714517  0.04484199  0.0580963
  0.10711031  0.13509571  0.16706664  0.2129061   0.19956103  0.17157712
  0.16362595  0.12047035  0.08325044  0.05879533 -0.01112402 -0.07229856
 -0.10888146 -0.16832327 -0.19664225 -0.18687331 -0.18582784 -0.14187163
 -0.06706786 -0.01367955  0.05449045  0.11151117  0.11714147  0.11399141
  0.07990206  0.00274149 -0.05197438 -0.09019003]
[-0.22036271  0.15684194 -0.00476164 -0.14263207  0.23930124 -0.00436027
 -0.13204839  0.20970652 -0.10180315 -0.17761136  0.17683247 -0.09200956
 -0.04227416  0.28791001 -0.0429393  -0.07265546  0.12348153 -0.15270819
 -0.05518976  0.15771874 -0.08092703 -0.04029814  0.07729994 -0.08070638
  0.01282931  0.11910135 -0.03016155 -0.05767493 -0.03003863 -0.06466608
 -0.01334239  0.06560155  0.06141069 -0.02405971 -0.02956954  0.01970049
 -0.06084996 -0.01793843  0.08784236 -0.06801893 -0.02799531  0.13255889
 -0.06078607 -0.00135522  0.15757276 -0.13464168 -0.06240349  0.12285786
 -0.17738959 -0.00539203  0.19619947 -0.15494743  0.04155459  0.19408073
 -0.20308903  0.01591933  0.11549582 -0.25743758  0.04170002  0.1446565
 -0.15788197  0.16558044  0.15775888 -0.19659206]
[ 0.26172949  0.19978009 -0.0077533  -0.05472968 -0.06801593 -0.15461233
 -0.1189581  -0.10676359 -0.12556785  0.05948212  0.19289839  0.13675872
  0.07211591 -0.10537572 -0.28533264 -0.17010565  0.00597279  0.07322774
  0.12596243  0.03549418 -0.09174211 -0.01184042  0.08177021  0.07194736
  0.0655318  -0.02819327 -0.14056736 -0.06411434  0.0704639   0.13609035
  0.17732636  0.09592924 -0.08790015 -0.16518076 -0.14169237 -0.0872785
  0.04106276  0.12623865  0.0463119  -0.04812298 -0.07428101 -0.08233946
 -0.00742762  0.07255913 -0.02015431 -0.13142829 -0.1036799  -0.03270111
  0.12062918  0.26766346  0.14243313 -0.06174099 -0.13593723 -0.19711486
 -0.10497019  0.11538755  0.13779508  0.12018252  0.16322894  0.06984513
  0.01692671  0.00661399 -0.18352858 -0.27149401]
[-0.13543183 -0.15307625 -0.15620484 -0.14267394 -0.1012146  -0.0788369
 -0.06291363 -0.03710578 -0.0358024  -0.02620642  0.00195311  0.01342663
  0.04067438  0.07575178  0.0917755   0.12800647  0.16411404  0.17463504
  0.19473599  0.19172297  0.1576619   0.14190416  0.11581938  0.07869299
  0.06213794  0.02127384 -0.03884233 -0.0793549  -0.13466938 -0.18531344
 -0.1979162  -0.22062828 -0.23474652 -0.21142707 -0.19991826 -0.17627874
 -0.11883329 -0.08185429 -0.03800887  0.02221745  0.04273303  0.06972011
  0.11812483  0.13754574  0.16730221  0.19734591  0.17896633  0.16536781
  0.15098001  0.10805604  0.0925867   0.08236537  0.04453967  0.02820272
  0.01307072 -0.01007362 -0.00993747 -0.02426707 -0.06144369 -0.09055319
 -0.13043801 -0.16388071 -0.15542022 -0.12295962]
[ 0.11377823 -0.00569596 -0.08618068 -0.09429449 -0.0392037   0.12538302
  0.17713476  0.03245173 -0.10234118 -0.18622756 -0.14345186  0.07683453
  0.18914705  0.10363542 -0.03741587 -0.19179604 -0.18743443  0.0226241
  0.16134115  0.14303733  0.02337039 -0.15759603 -0.19856021 -0.04537776
  0.10801197  0.16869508  0.10150358 -0.07701011 -0.17893262 -0.11461126
  0.02607222  0.15368911  0.16921176  0.03838355 -0.11249663 -0.15470437
 -0.06467812  0.09202485  0.18340202  0.12149774 -0.04697226 -0.17147223
 -0.13810254  0.01538867  0.16342214  0.17790634  0.01643299 -0.16418109
 -0.1856004  -0.06238774  0.11691244  0.20224006  0.07620776 -0.10139062
 -0.16046681 -0.11146268  0.04289102  0.1599495   0.08493275 -0.04075383
 -0.10630788 -0.10333056  0.02914124  0.13900275]
[ 0.25857164  0.25020358  0.05432118 -0.13160123 -0.22378165 -0.19792814
 -0.02199867  0.11274431  0.08333613  0.00440872 -0.08082019 -0.11196929
 -0.00786816  0.0812569   0.03562937 -0.05200998 -0.14384914 -0.1792281
 -0.05584282  0.10632843  0.16101266  0.12901223  0.0071277  -0.12728574
 -0.10646523  0.02131679  0.12598168  0.17585794  0.10689356 -0.04591502
 -0.10122266 -0.03662534  0.04996791  0.10758603  0.05281591 -0.10762091
 -0.19121905 -0.12971898 -0.0039935   0.1287433   0.15500901  0.01293714
 -0.13553641 -0.16584163 -0.10045126  0.04815372  0.1679611   0.12185836
  0.00970551 -0.05710868 -0.08078556  0.00210723  0.11410437  0.08017317
 -0.020636   -0.08031332 -0.09635968  0.03006096  0.21186926  0.2270553
  0.11956959 -0.04536179 -0.23302978 -0.25281401]
