betas =
[ 9.3061298   2.09286021  6.53380559  4.46397713  3.68779303  3.54608494
  3.67370823  3.56303041  1.59040117  3.38137836  1.3019896   3.38596064
  3.48210561  3.35299358  3.18706057  3.17166168  3.40836376  3.29287194
  3.18389196  3.19316354  1.22516498  3.12293213  3.20892863  3.1060105
  2.96936699  2.93117935  2.74644635  2.8452009   2.73387058  2.58318931
  2.57216652  1.08050865  2.4020827   2.39395659  2.21195669  2.34094927
  2.13443871  2.22949255  2.0118066   1.81655639  1.78694506  1.76927427
  1.58887183  1.45930137  0.5862576   1.47095899  0.42099624  0.39497241
  1.45921592  1.3525094   1.23263521  0.39339188  1.12105277  0.91969677
  0.78504521  0.66092755  0.39447404  0.47534379  0.34582784  0.35931479
  0.35195817  0.35396534  0.35912966  0.30676598]
W = 
[ 0.02961466 -0.05983187  0.07193612 -0.0821003   0.09040535 -0.09461085
  0.09492714 -0.09415948  0.09344002 -0.0976811   0.10534443 -0.11451624
  0.12155754 -0.12360815  0.12222672 -0.12242907  0.12849718 -0.13833158
  0.14693327 -0.15058868  0.14937833 -0.14826021  0.15086406 -0.15805303
  0.16600231 -0.16845233  0.16403561 -0.15735787  0.15121588 -0.14782918
  0.14578249 -0.14534322  0.14778248 -0.15500621  0.1662217  -0.17635036
  0.18073479 -0.17761609  0.17107368 -0.16452249  0.1604444  -0.15889075
  0.15619675 -0.14969628  0.14083971 -0.13060086  0.12077097 -0.11125651
  0.10281638 -0.09732376  0.095268   -0.09616386  0.09746279 -0.09579303
  0.08935208 -0.07928616  0.0699163  -0.06087053  0.05425529 -0.05028724
  0.04898033 -0.0489214   0.04494216 -0.02296306]
[-0.02497796 -0.02707939 -0.03779674 -0.05281755 -0.0663828  -0.06767416
 -0.06554882 -0.07421742 -0.08654344 -0.09832901 -0.11066901 -0.12488627
 -0.13219766 -0.13331893 -0.13657562 -0.14115614 -0.14514031 -0.1442256
 -0.13772724 -0.13348574 -0.1355692  -0.1406067  -0.14652179 -0.14957001
 -0.14969604 -0.1498618  -0.15390468 -0.15578054 -0.15280361 -0.15238944
 -0.1591987  -0.16852498 -0.17188089 -0.16862718 -0.159156   -0.15143068
 -0.14819651 -0.14619613 -0.14353223 -0.13782102 -0.12833356 -0.12154909
 -0.11720866 -0.11481704 -0.1196074  -0.12594043 -0.12769338 -0.13027236
 -0.13075549 -0.13004428 -0.12885066 -0.12955317 -0.13056678 -0.13218948
 -0.13650585 -0.13640898 -0.1257866  -0.10757089 -0.09125194 -0.07466017
 -0.06164059 -0.05385699 -0.05148593 -0.04937581]
[ 0.03721908 -0.07034091  0.08020353 -0.09289991  0.10741838 -0.12107794
  0.13193957 -0.14098849  0.14560172 -0.14879079  0.15029229 -0.15325549
  0.16044558 -0.16923213  0.17530319 -0.17472172  0.16637202 -0.15235919
  0.13814007 -0.12417967  0.11158719 -0.09880721  0.08878359 -0.08177121
  0.0773599  -0.07351386  0.06509016 -0.05160623  0.03483483 -0.02145315
  0.0116165  -0.00518732 -0.00161663  0.01116601 -0.02403008  0.03654752
 -0.04860039  0.05713836 -0.06601864  0.07789641 -0.09614667  0.11833471
 -0.1393701   0.15571104 -0.16467992  0.16999647 -0.17489813  0.18320606
 -0.19218427  0.19874712 -0.19907079  0.19235371 -0.18110224  0.16977532
 -0.15900658  0.14822707 -0.1396055   0.13019739 -0.12392614  0.11856469
 -0.11265827  0.10501165 -0.09342636  0.04830269]
[-0.04165851  0.08215389 -0.10003196  0.12203601 -0.1438704   0.15502623
 -0.15332803  0.14521346 -0.13734806  0.13853113 -0.14173003  0.14142228
 -0.12987179  0.10623895 -0.07328522  0.03830841 -0.00954905 -0.01135852
  0.02829973 -0.04024583  0.04923233 -0.0522085   0.05000408 -0.03753598
  0.01526682  0.00644996 -0.01797066  0.01473442  0.00853096 -0.04330338
  0.07826653 -0.10573335  0.1266658  -0.13821805  0.13892126 -0.13152161
  0.11993118 -0.1151647   0.12171437 -0.13885343  0.15454342 -0.15436566
  0.13763069 -0.11225389  0.08542315 -0.05924067  0.0299798   0.00393098
 -0.04005649  0.07430082 -0.09883174  0.1148481  -0.12544905  0.1368266
 -0.15065747  0.16802813 -0.19261704  0.21656092 -0.24145905  0.25908824
 -0.26260261  0.24832461 -0.20697329  0.09776134]
[-0.05250888  0.09524271 -0.08113252  0.05991877 -0.0640662   0.10205199
 -0.16153142  0.21899637 -0.24507163  0.23267591 -0.18542619  0.11850776
 -0.04918142 -0.02221677  0.0859859  -0.12232624  0.11508366 -0.06912848
  0.00607449  0.03790431 -0.04628714  0.01899805  0.02949691 -0.08610026
  0.13409299 -0.1653959   0.17775487 -0.16488083  0.12201669 -0.0556578
 -0.0145488   0.06769976 -0.0824325   0.04843282  0.01742355 -0.08834628
  0.13820151 -0.14618257  0.11668256 -0.07241285  0.03425679 -0.00726548
 -0.02249089  0.06961353 -0.13960671  0.21510435 -0.26721747  0.27034486
 -0.23062196  0.16925125 -0.11098697  0.06245662 -0.0147717  -0.03993113
  0.08986958 -0.12144942  0.1269641  -0.11295952  0.10291259 -0.1132688
  0.1428604  -0.16663894  0.15115286 -0.0701943 ]
[  6.09293936e-03   4.94561617e-03  -7.11366463e-02   1.77857621e-01
  -2.65597865e-01   2.82891954e-01  -2.17245029e-01   9.85606774e-02
   2.74142965e-02  -1.25083732e-01   1.71450851e-01  -1.58522574e-01
   9.69208139e-02  -1.13208093e-02  -6.71928314e-02   1.14074363e-01
  -1.20430171e-01   9.56661438e-02  -5.14391143e-02  -1.07296240e-04
   4.77247404e-02  -8.79014395e-02   1.15809287e-01  -1.29660988e-01
   1.22442049e-01  -9.09615612e-02   4.39381167e-02   1.58104201e-03
  -2.62932526e-02   1.45084296e-02   4.23621101e-02  -1.27233024e-01
   1.97831742e-01  -2.15530855e-01   1.77213822e-01  -1.10138930e-01
   4.85907579e-02   4.87743696e-03  -5.87969964e-02   1.19104413e-01
  -1.72891156e-01   2.02523216e-01  -2.01090320e-01   1.74435901e-01
  -1.34843015e-01   8.84970664e-02  -3.19002114e-02  -3.52646504e-02
   9.92357441e-02  -1.41877926e-01   1.44109825e-01  -1.02334613e-01
   3.36608413e-02   4.31636168e-02  -1.08832895e-01   1.45874175e-01
  -1.44370520e-01   1.11817773e-01  -4.86348155e-02  -3.79654944e-02
   1.30159098e-01  -1.91303430e-01   1.81603028e-01  -8.34863830e-02]
[ 0.02932262 -0.07399154  0.1126243  -0.14808147  0.168181   -0.15959312
  0.12459897 -0.080828    0.04058272 -0.00727945 -0.02688632  0.06847594
 -0.11506745  0.16001997 -0.19118195  0.20339691 -0.20431134  0.2019576
 -0.18654251  0.1460254  -0.08881605  0.04600082 -0.03885322  0.05784947
 -0.06893252  0.04067879  0.03549492 -0.14295809  0.24705123 -0.30992951
  0.31195531 -0.2737256   0.23137449 -0.19538246  0.14644547 -0.07076034
 -0.01264139  0.06694638 -0.07870238  0.0665004  -0.05602311  0.051691
 -0.03889727  0.01346225  0.00362968  0.01761004 -0.07758653  0.13685465
 -0.15299447  0.12882843 -0.10070035  0.08964178 -0.07568361  0.03407902
  0.02129295 -0.05061663  0.04420709 -0.03429682  0.04632863 -0.06653245
  0.05892391 -0.01681273 -0.0223454   0.01932905]
[-0.07906923  0.17538452 -0.20631778  0.18804337 -0.14192629  0.08587683
 -0.02719369 -0.0259215   0.06095031 -0.06170932  0.0359099   0.00769628
 -0.0522507   0.07243575 -0.05076335 -0.00252912  0.05642395 -0.08299169
  0.06749585 -0.01059601 -0.05396795  0.07764186 -0.03335822 -0.06508061
  0.17364138 -0.24735819  0.26927641 -0.24869966  0.21186965 -0.17161928
  0.13065969 -0.07896374  0.00500119  0.10186183 -0.22389833  0.31619174
 -0.33331054  0.27068012 -0.16184699  0.05680386  0.00970679 -0.0331493
  0.03684622 -0.04761381  0.06787806 -0.07968128  0.06013871 -0.01526199
 -0.02353179  0.02677135  0.01659901 -0.0861896   0.14095509 -0.14422075
  0.09526021 -0.02203105 -0.03972266  0.07110628 -0.07703572  0.07405037
 -0.0716032   0.06780956 -0.05372951  0.02323182]
[ 0.12658651  0.15075783  0.1621058   0.18182232  0.19927861  0.2080452
  0.21011478  0.21424912  0.22098282  0.22086157  0.21427191  0.189244
  0.16741293  0.15055572  0.14435844  0.13427386  0.11309881  0.09432736
  0.07566136  0.06154536  0.04744055  0.03150754  0.01592484 -0.00053996
 -0.01325766 -0.02138138 -0.02964101 -0.02849436 -0.02311828 -0.01566041
 -0.00836286 -0.00264403  0.00145272  0.00940391  0.01418052  0.01000779
  0.00024697 -0.00178397  0.00992415  0.01604571  0.01360427  0.0024015
 -0.0119919  -0.02814368 -0.03988878 -0.05387765 -0.06694166 -0.08525938
 -0.11280505 -0.13044683 -0.14721573 -0.15730789 -0.15690865 -0.16054664
 -0.17094758 -0.17667832 -0.17855618 -0.18261447 -0.18118924 -0.17435001
 -0.16587182 -0.15831577 -0.14441137 -0.12279534]
[ 0.04040473 -0.08429925  0.07465171 -0.01875855 -0.0413473   0.06566144
 -0.05659954  0.05187685 -0.07418738  0.10603559 -0.11046682  0.05932892
  0.03441559 -0.12439091  0.15661345 -0.10890006  0.02352251  0.03280911
 -0.02306389 -0.03607818  0.08302358 -0.06919359 -0.00314158  0.0904438
 -0.14572623  0.13560205 -0.05612717 -0.06251675  0.16962454 -0.22345616
  0.20245714 -0.10611601 -0.03780375  0.16657644 -0.22266378  0.19796602
 -0.12564755  0.04196288  0.0390508  -0.10203674  0.12667502 -0.10855866
  0.07072915 -0.04177391  0.02838107 -0.02072209  0.02070847 -0.04262111
  0.08838142 -0.12709486  0.10561124 -0.00345316 -0.15409822  0.29787587
 -0.35255512  0.28512799 -0.13325088 -0.02003126  0.11856057 -0.15989208
  0.17308301 -0.17816298  0.15428987 -0.07042929]
[-0.02212239 -0.01366925  0.00238375  0.01647111  0.01896632  0.02647891
  0.0250937   0.01465221  0.01643831  0.01186894  0.00494082 -0.00738763
 -0.02456955 -0.04566979 -0.06302072 -0.08185122 -0.10867866 -0.14006333
 -0.15758763 -0.1653882  -0.17642323 -0.17053227 -0.17207983 -0.17401432
 -0.18162552 -0.17985916 -0.16219282 -0.14473978 -0.1207573  -0.07927563
 -0.04380155 -0.01728371  0.02520663  0.06939167  0.10592316  0.14494228
  0.19120038  0.22421412  0.24075789  0.24339071  0.24722549  0.24574214
  0.23612174  0.22043538  0.20854826  0.18924657  0.15569086  0.12753123
  0.09685567  0.06064442  0.02737674 -0.00120657 -0.02285069 -0.03856987
 -0.0562315  -0.06943914 -0.08050234 -0.08728927 -0.07967261 -0.07237111
 -0.06330942 -0.04832827 -0.02610649 -0.00278922]
[-0.04110043  0.09963342 -0.13003324  0.1106222  -0.02759895 -0.07356072
  0.11702297 -0.04953788 -0.09291878  0.22192627 -0.2556842   0.19180144
 -0.07365808 -0.03150864  0.08952106 -0.10457895  0.09631493 -0.07517684
  0.05733595 -0.06180588  0.09760831 -0.15429038  0.1945939  -0.17383119
  0.07979342  0.04390429 -0.12401066  0.10919435 -0.01353847 -0.09351145
  0.15097342 -0.13649866  0.07553525 -0.01766527 -0.01049847  0.01559847
 -0.01536838  0.03731219 -0.08996863  0.15617005 -0.20850031  0.23042723
 -0.20659291  0.13714069 -0.03670626 -0.07044783  0.1547501  -0.19853445
  0.18714533 -0.11351971 -0.00551707  0.12261321 -0.17354542  0.11126702
  0.03715371 -0.18963684  0.25598655 -0.1982311   0.05707148  0.06884276
 -0.11088     0.07405509 -0.02165393 -0.00077794]
[-0.07113611  0.15628995 -0.18590121  0.18001955 -0.15202271  0.10141709
 -0.03266097 -0.04834723  0.12143972 -0.15789577  0.13106163 -0.05521941
 -0.03460122  0.08630092 -0.06568113 -0.02988317  0.14666046 -0.22082942
  0.21296057 -0.13732102  0.04083263  0.03019482 -0.06618523  0.08669966
 -0.11887807  0.17035591 -0.20413353  0.18373005 -0.10007673 -0.00300112
  0.08302045 -0.10934523  0.09024081 -0.05866073  0.04209115 -0.0404896
  0.02798131  0.01910078 -0.08387243  0.12042043 -0.08993981 -0.01172553
  0.13622798 -0.22694365  0.23652142 -0.15855766  0.02379821  0.11493527
 -0.2128649   0.24100833 -0.19837508  0.12847229 -0.06812274  0.03107797
 -0.00707811 -0.01694094  0.05573553 -0.09409958  0.12778294 -0.14415204
  0.15348939 -0.15604162  0.13868163 -0.06588342]
[-0.0236218   0.03538978 -0.00801013 -0.01954503  0.00986684  0.0361309
 -0.11595234  0.18271271 -0.16827446  0.0502327   0.10487918 -0.20878365
  0.21642949 -0.16395782  0.10291488 -0.04975491 -0.0098379   0.06319551
 -0.0799806   0.03209803  0.07087097 -0.17484721  0.18722103 -0.07221019
 -0.11256491  0.25194596 -0.2629343   0.15976082 -0.03100078 -0.06345788
  0.12242663 -0.1556061   0.14680981 -0.0782548  -0.03652962  0.13652388
 -0.17074771  0.14475115 -0.08277662  0.00150041  0.09094295 -0.15928384
  0.16086904 -0.06962798 -0.0746557   0.19797625 -0.23194283  0.17216016
 -0.06164471 -0.03797241  0.10170582 -0.12621766  0.13033813 -0.14184641
  0.16324826 -0.16424145  0.11962121 -0.04193163 -0.03171308  0.07622135
 -0.09692103  0.1094973  -0.09646588  0.04370186]
[-0.07351765  0.18609068 -0.2453375   0.18739375 -0.00606975 -0.20089729
  0.30363382 -0.23217933  0.05119041  0.09756684 -0.11996652  0.03568838
  0.05812088 -0.07868379  0.02806768  0.03762474 -0.06707256  0.06168189
 -0.04497206  0.01467458  0.02281309 -0.06248317  0.07196016 -0.02442552
 -0.06941962  0.14726536 -0.13607596  0.02604884  0.08398896 -0.08781932
 -0.01688728  0.12021327 -0.10699635 -0.01222059  0.12157316 -0.10467177
 -0.00948681  0.09636826 -0.04175506 -0.10262578  0.2036438  -0.15224529
 -0.00315581  0.12451372 -0.12809468  0.04830474  0.02902592 -0.0438365
  0.00474597  0.04360268 -0.05813457  0.02474418  0.04647645 -0.11324634
  0.11095681 -0.00686831 -0.14568668  0.26214041 -0.25812838  0.11995198
  0.08954018 -0.26059775  0.28799817 -0.137448  ]
[ 0.0421499  -0.07066243  0.03298615  0.01745043 -0.02763861  0.00431883
 -0.0025582   0.06755883 -0.17808442  0.23768219 -0.16552354 -0.02416867
  0.2227415  -0.30715889  0.22731485 -0.03753356 -0.12778162  0.15890061
 -0.04972213 -0.09009017  0.1115573   0.00764169 -0.13901605  0.14482913
 -0.02445869 -0.10205886  0.11679322 -0.02155009 -0.09547207  0.13911168
 -0.08354864 -0.04158077  0.1592767  -0.19693836  0.12528675  0.01236014
 -0.12539998  0.15286023 -0.09670643  0.01968228  0.01754368  0.0151848
 -0.07238008  0.06567862  0.059696   -0.22216536  0.26674106 -0.10745882
 -0.14111725  0.27912066 -0.20588397  0.01009519  0.13305152 -0.13122313
  0.01738491  0.08908174 -0.09311699 -0.00761727  0.11084141 -0.1305855
  0.06039976  0.02807839 -0.06514668  0.03497519]
[ 0.06294491 -0.14700225  0.18446632 -0.17813131  0.13788442 -0.0743002
  0.0010766   0.06414973 -0.10215262  0.10444962 -0.08375253  0.07093445
 -0.084756    0.11503708 -0.13244674  0.11489532 -0.06115042  0.00833295
  0.00954132 -0.01417439  0.04967357 -0.13863217  0.24136791 -0.29872256
  0.27081003 -0.16978746  0.03205696  0.09555054 -0.1822482   0.19559999
 -0.13825636  0.04365029  0.02949662 -0.04320653 -0.00541803  0.092091
 -0.17028127  0.20608086 -0.1788142   0.10568151 -0.00051406 -0.11074067
  0.195597   -0.21344749  0.16045919 -0.06183081 -0.02696268  0.06415841
 -0.04655823  0.01572487 -0.02259421  0.06681644 -0.11109017  0.10364276
 -0.04973292 -0.00090944 -0.00310113  0.06215016 -0.10471968  0.05756836
  0.07207215 -0.20206806  0.22740727 -0.11037017]
[ 0.02156316 -0.05546109  0.09628814 -0.13931627  0.15336595 -0.08146589
 -0.06441447  0.2083025  -0.24810614  0.1616518  -0.02369619 -0.04658449
  0.0238064   0.03333433 -0.03083478 -0.07566036  0.23007375 -0.3141839
  0.25805192 -0.07926514 -0.1190788   0.23056969 -0.23322374  0.17978625
 -0.12119723  0.06101605  0.0084756  -0.07223896  0.09647678 -0.0762771
  0.03300333 -0.0123135   0.04177256 -0.10657473  0.15594912 -0.1319549
  0.02250067  0.12329768 -0.22703226  0.23038779 -0.12857422  0.00215346
  0.06088085 -0.02442704 -0.06023571  0.09129306 -0.01708265 -0.10680371
  0.18093816 -0.15505373  0.06931886 -0.01084316  0.01547327 -0.05839007
  0.06418648  0.00145155 -0.10661325  0.17435931 -0.1593939   0.06782159
  0.02850031 -0.0771255   0.06566195 -0.02599695]
[ 0.10970886 -0.22224759  0.18769363 -0.03342153 -0.1218134   0.16466081
 -0.06436315 -0.08452787  0.14593162 -0.07029438 -0.06747262  0.15005694
 -0.0936879  -0.06906417  0.22918951 -0.29347667  0.22668721 -0.04159187
 -0.17727988  0.32855824 -0.32579888  0.17896904  0.01412696 -0.11610265
  0.08311842  0.02833831 -0.12366974  0.14924178 -0.09715662 -0.00651678
  0.11105658 -0.15903878  0.12328958 -0.02733072 -0.05758474  0.07526703
 -0.0286181  -0.04715597  0.08739916 -0.07175318  0.00663238  0.04911682
 -0.05173958  0.00126963  0.05123782 -0.0701852   0.05403383 -0.03015182
  0.00131573  0.03851836 -0.0780975   0.07060926  0.01430273 -0.13062852
  0.16868379 -0.06983606 -0.09657813  0.19346855 -0.15433335  0.02961933
  0.07016085 -0.08702334  0.04692751 -0.01191129]
[-0.12821989  0.24896488 -0.18517652  0.01351542  0.1235482  -0.15420327
  0.10601561 -0.04014596  0.00288094  0.00829453  0.01264776 -0.05868736
  0.08330316 -0.05449509 -0.00382565  0.02894062  0.00723662 -0.05993108
  0.04143858  0.09011892 -0.24910223  0.30938868 -0.18585609 -0.05334616
  0.22478037 -0.18881691 -0.00390018  0.1954716  -0.23459057  0.12640597
  0.03788815 -0.15979726  0.20590848 -0.16579064  0.05178405  0.06635028
 -0.1075862   0.0446654   0.06197439 -0.15405007  0.18869885 -0.15982701
  0.05851122  0.07184305 -0.1652276   0.15233112 -0.06333801 -0.03787624
  0.09039074 -0.08897281  0.0517949   0.02544563 -0.1246193   0.18580118
 -0.15321499  0.05386253  0.04360156 -0.09980259  0.12459059 -0.11421437
  0.06291678  0.01615766 -0.06318656  0.03811555]
[-0.1320665  -0.1278419  -0.11074037 -0.09290024 -0.07032574 -0.04720216
 -0.01844171  0.01334294  0.04277555  0.06963661  0.09115627  0.11288318
  0.13123983  0.14928318  0.15289667  0.15727661  0.15358359  0.14683791
  0.13397583  0.1047808   0.07852356  0.04177637  0.01236788 -0.02090842
 -0.05377447 -0.09146872 -0.12757293 -0.15795861 -0.19146729 -0.21099942
 -0.21202758 -0.20933965 -0.20591939 -0.2021327  -0.19552112 -0.17246941
 -0.15054299 -0.12458937 -0.08919117 -0.05870999 -0.02518952  0.01444134
  0.05380717  0.08539324  0.10611425  0.1336788   0.1539869   0.16901117
  0.18388228  0.18588369  0.17385482  0.16284552  0.14850633  0.12375003
  0.09371426  0.0545893   0.01902648 -0.01079813 -0.05301525 -0.08492523
 -0.08842406 -0.09839728 -0.10668251 -0.10183182]
[-0.03539663  0.06236572 -0.06091207  0.04682857 -0.04007089  0.02065027
  0.01299536 -0.05009079  0.05315037 -0.01485765 -0.00832045 -0.04656244
  0.16509176 -0.25853279  0.23571836 -0.07929892 -0.09593235  0.18298157
 -0.15897607  0.11830802 -0.12922353  0.1741519  -0.16518674  0.06891656
  0.05025841 -0.09315616  0.05770368 -0.02705795  0.04152377 -0.06379671
  0.01315004  0.07302123 -0.10473436  0.01653148  0.09928899 -0.15310155
  0.09641427  0.00779057 -0.10889663  0.15851719 -0.14066285  0.03527331
  0.1126055  -0.22267571  0.2208327  -0.09547856 -0.0578284   0.13367059
 -0.07489491 -0.05717443  0.15145404 -0.09132025 -0.07336033  0.20357277
 -0.14716816 -0.05202527  0.2023378  -0.12307025 -0.12306521  0.30069757
 -0.24120589 -0.00398857  0.18729637 -0.12603956]
[ 0.03072457 -0.04763121  0.01759495  0.0326807  -0.0931556   0.14874473
 -0.15099216  0.07924831  0.02321049 -0.10542915  0.1617822  -0.17597359
  0.13312468 -0.05133756 -0.01405823  0.04435874 -0.06786115  0.09944582
 -0.10346393  0.05974661 -0.00651725 -0.00708856 -0.01678927  0.05253237
 -0.05397589 -0.01181046  0.1024949  -0.13527236  0.08273409 -0.0012109
 -0.05084723  0.06265693 -0.05735056  0.0344402   0.00383278 -0.01445978
 -0.0234889   0.06602325 -0.05970221 -0.01322298  0.10638045 -0.16102581
  0.13338135 -0.02249766 -0.09533688  0.09258135  0.07370217 -0.26824252
  0.27133714 -0.0146526  -0.31950987  0.45957956 -0.32777075  0.06719862
  0.14431448 -0.22268659  0.16231306 -0.03679937 -0.04097995  0.01483089
  0.04247289 -0.04561367  0.00224181  0.01273045]
[-0.08356506  0.17415955 -0.13382724 -0.02985206  0.18340152 -0.17880533
 -0.01117406  0.22564103 -0.25973403  0.0570845   0.21082219 -0.30845894
  0.16393209  0.04304852 -0.09376515 -0.02513662  0.11516665 -0.02848722
 -0.1744397   0.29677738 -0.21230185 -0.01783525  0.19452377 -0.19670514
  0.06927586  0.05009007 -0.07589214  0.01049089  0.08439369 -0.11860399
  0.03472509  0.10927721 -0.17188678  0.1042125   0.00354177 -0.04277591
  0.03230529 -0.04666836  0.07253215 -0.02181764 -0.08520474  0.14910689
 -0.09295325 -0.04102173  0.16520821 -0.21957748  0.18575163 -0.07718158
 -0.03439194  0.08960064 -0.07163501  0.02719209 -0.00407944  0.0229661
 -0.06723399  0.11318224 -0.119287    0.06093813  0.03278285 -0.0877483
  0.05878577  0.01932466 -0.06703088  0.0420638 ]
[-0.0991291   0.12578988  0.05395198 -0.21132846  0.15872004  0.0291705
 -0.14251951  0.10181084  0.00097434 -0.03324197 -0.00498155  0.00364349
  0.06664157 -0.111496    0.01480212  0.16515765 -0.25025361  0.11071764
  0.1227075  -0.22024028  0.079821    0.11369511 -0.13610368 -0.04009229
  0.18952704 -0.11728971 -0.10619256  0.23259893 -0.11283738 -0.13961474
  0.28916212 -0.17987182 -0.08896879  0.28318078 -0.24566525  0.03019887
  0.17396665 -0.19636799  0.06042555  0.07816287 -0.08122858  0.00658647
  0.01643356  0.03544607 -0.07477243  0.02448446  0.07129591 -0.10477037
  0.01408896  0.10643893 -0.14014321  0.0462852   0.08465315 -0.14500237
  0.08863245  0.00986772 -0.0711267   0.08267654 -0.0841184   0.09328479
 -0.05123229 -0.05189539  0.12957727 -0.07622277]
[  2.83135385e-02  -7.53676764e-02   8.49920268e-02  -3.10638242e-02
  -5.70847601e-02   1.09086615e-01  -6.96814302e-02  -3.13296565e-02
   9.84021300e-02  -7.08912910e-02  -1.22680886e-02   7.41485368e-02
  -7.62864858e-02   4.36716999e-02  -5.29551347e-03  -3.38155071e-02
   6.58105640e-02  -5.39058564e-02  -1.76992752e-02   1.01630491e-01
  -1.16617212e-01   2.76218926e-02   1.04392297e-01  -1.67274801e-01
   1.00999944e-01   3.36020473e-02  -1.09543744e-01   5.35848102e-02
   6.48064685e-02  -1.21226553e-01   4.53754801e-02   9.26485878e-02
  -1.50797047e-01   4.78551829e-02   1.28091423e-01  -2.08937063e-01
   8.94618689e-02   1.46028347e-01  -2.80762223e-01   1.64911536e-01
   1.08207288e-01  -2.68219474e-01   1.42570245e-01   1.35769013e-01
  -2.55250469e-01   9.26290155e-02   1.46650543e-01  -1.77184984e-01
  -2.45402245e-02   1.92302816e-01  -1.10503229e-01  -1.23618851e-01
   2.18033685e-01  -4.71022326e-02  -1.88848385e-01   2.05469879e-01
   2.64099604e-02  -2.45839599e-01   2.17494444e-01  -4.12655061e-05
  -1.54560956e-01   1.04145667e-01   2.63975779e-02  -4.63373624e-02]
[ 0.03094096 -0.04601834  0.02179779 -0.02989907  0.07082905 -0.04323192
 -0.07749096  0.16807966 -0.09813391 -0.0955252   0.20056243 -0.07490212
 -0.1566371   0.22459634 -0.03702369 -0.17427863  0.17016447  0.02314275
 -0.11872321 -0.02000211  0.18412983 -0.11125679 -0.13437338  0.22811698
 -0.04750233 -0.15006239  0.0829065   0.14305849 -0.19017897 -0.01304721
  0.17571213 -0.09131795 -0.08316202  0.07178576  0.08200959 -0.09700709
 -0.08277176  0.18757617 -0.02693517 -0.227405    0.25570145 -0.01170282
 -0.23247096  0.23478796 -0.02624217 -0.1452631   0.12037596  0.0288771
 -0.11289856  0.04720649  0.06131468 -0.06997603 -0.01726707  0.08177117
 -0.02212932 -0.10592368  0.1610137  -0.06117997 -0.09975086  0.17108858
 -0.09123611 -0.07076538  0.16345466 -0.09657228]
[-0.18866306  0.32378347 -0.14141176 -0.14411481  0.23965802 -0.08656281
 -0.10121657  0.09417452  0.08296985 -0.1747127   0.04176186  0.16565925
 -0.21832085  0.04258657  0.18398442 -0.24717043  0.08225374  0.14112139
 -0.22211039  0.0953561   0.10382003 -0.18494268  0.06947351  0.10269691
 -0.14633653  0.01149569  0.14407203 -0.13103201 -0.04612708  0.17816042
 -0.10163588 -0.09208149  0.17448913 -0.05514155 -0.08814715  0.05280143
  0.10278129 -0.11618667 -0.07206971  0.23568921 -0.13655688 -0.09810025
  0.17261927 -0.02534352 -0.11792512  0.06671387  0.08305245 -0.12002351
  0.0207268   0.05605485 -0.00557756 -0.06829174  0.0458045   0.02911804
 -0.05096295  0.02288275 -0.031974    0.07452655 -0.06784354 -0.01637233
  0.09146005 -0.06496684 -0.0064075   0.02239034]
[ 0.03061143 -0.06032872  0.05275265 -0.02870854 -0.00112508  0.01443211
 -0.00467324 -0.01187264 -0.01535506  0.05761709 -0.02883841 -0.09294018
  0.15252853 -0.01658219 -0.17998158  0.18356001  0.03120811 -0.19565753
  0.11112954  0.09458569 -0.15348522  0.02349492  0.07128127  0.01374645
 -0.15418925  0.14040831  0.04247383 -0.16721185  0.06532287  0.12350373
 -0.12463669 -0.09111632  0.2309402  -0.07821504 -0.18704805  0.22545168
 -0.00288055 -0.19595722  0.18231583 -0.04980221 -0.0161871  -0.00566939
 -0.01464418  0.10515891 -0.12669634 -0.01417369  0.17488094 -0.12952824
 -0.10026778  0.22459888 -0.06769112 -0.14614719  0.11444508  0.10778525
 -0.16640169 -0.04371011  0.2403515  -0.12762829 -0.16247963  0.2738459
 -0.10463025 -0.12473112  0.1919926  -0.09003274]
[ 0.09583474 -0.13221633 -0.02162547  0.18642861 -0.13595501 -0.09928045
  0.25018235 -0.11413833 -0.12857844  0.16400417  0.01895352 -0.13904473
  0.05658213  0.09132121 -0.10535925 -0.00777795  0.10789731 -0.03814732
 -0.13905346  0.17722384  0.01411253 -0.16146947  0.02996672  0.18724833
 -0.11373286 -0.16284732  0.22526619  0.04887651 -0.25117184  0.07938899
  0.19239723 -0.17627038 -0.02749999  0.10596777 -0.05076291  0.00938731
  0.03725689 -0.11686925  0.07350031  0.09877838 -0.16959484 -0.01427414
  0.19960424 -0.13371418 -0.08407592  0.15771446 -0.06348487 -0.04074339
  0.05877946 -0.02850323 -0.04719502  0.08229727  0.01936388 -0.14056017
  0.06534529  0.14423361 -0.17363619 -0.03601847  0.17195931 -0.00309118
 -0.2045199   0.09345694  0.16923888 -0.15591025]
[-0.03796507  0.05968056 -0.01621492 -0.06545948  0.11232981 -0.05565943
 -0.07140766  0.12359676 -0.00809018 -0.12395407  0.08638909  0.07633627
 -0.14559025  0.03994892  0.08779911 -0.08055692 -0.01770781  0.06145979
  0.00081726 -0.07730682  0.03906081  0.05463028 -0.06881706 -0.02558927
  0.05194145  0.06823839 -0.13818529 -0.01320543  0.15919541 -0.07189469
 -0.14549394  0.15937622  0.08369501 -0.26106486  0.11022648  0.18055381
 -0.22364427 -0.00794824  0.21432696 -0.14559229 -0.0554625   0.13527764
 -0.0404155  -0.05306956  0.03777342  0.04691041 -0.05676291 -0.02884495
  0.10844407 -0.04649154 -0.11441685  0.16116731  0.01127483 -0.1795576
  0.06002535  0.17568385 -0.13395404 -0.14743778  0.21909224  0.0860439
 -0.32408538  0.07659051  0.32058067 -0.25644429]
[ 0.18876612  0.21301561  0.22482922  0.2313198   0.22636727  0.210272
  0.18452106  0.14952492  0.11677195  0.09573058  0.07846736  0.05972042
  0.04494945  0.0337708   0.01933752 -0.00444372 -0.03238777 -0.05740061
 -0.07892165 -0.09448011 -0.10837913 -0.11718535 -0.12341673 -0.12521899
 -0.12254412 -0.1190752  -0.11694068 -0.11219644 -0.10053582 -0.08852652
 -0.08174191 -0.07434924 -0.06821179 -0.07146489 -0.07557039 -0.07236777
 -0.06743584 -0.06730923 -0.06198287 -0.0451368  -0.03142483 -0.02993478
 -0.02850716 -0.01874464 -0.01055898 -0.01636477 -0.02194872 -0.01647398
 -0.00405825  0.00951088  0.02522088  0.04475361  0.06734015  0.09592939
  0.13299033  0.16919985  0.19101872  0.2031294   0.21618186  0.22748496
  0.23140478  0.22810812  0.21407179  0.18763487]
[  2.02718328e-01  -2.23929842e-01  -1.37879243e-01   2.84690932e-01
  -2.00437187e-03  -2.59764900e-01   1.05911428e-01   1.75130656e-01
  -1.65298601e-01  -8.68394576e-02   1.77432220e-01  -1.64071067e-03
  -1.33718407e-01   3.98568983e-02   1.17813974e-01  -7.25658607e-02
  -1.03708496e-01   1.35452302e-01   4.17330114e-02  -1.18357522e-01
  -5.23738752e-02   1.86179710e-01  -2.02609151e-02  -1.69429117e-01
   6.49974466e-02   1.42006895e-01  -5.90346873e-02  -1.65108742e-01
   7.36305965e-02   1.88619487e-01  -1.17708979e-01  -2.01679329e-01
   2.00955705e-01   1.48292508e-01  -2.52604304e-01  -6.21910197e-02
   2.58364092e-01  -2.97984177e-02  -1.97882867e-01   6.12498488e-02
   1.52823499e-01  -8.79035808e-02  -8.90858806e-02   7.83197293e-02
   6.66971753e-02  -7.70828705e-02  -4.26017743e-02   8.25364005e-02
   1.79953721e-02  -6.36669748e-02  -2.02886529e-02   7.30705622e-02
   1.27310830e-04  -5.96046663e-02   4.04369637e-03   5.92645991e-02
  -2.78833792e-02  -5.11331519e-02   3.72936012e-02   2.77642679e-02
  -5.72053922e-02  -2.01439396e-04   3.25559890e-02  -2.14583353e-02]
[ 0.05838934 -0.09307606  0.01135667  0.10616479 -0.09168114 -0.07530441
  0.1525874  -0.01327269 -0.12581545  0.04486967  0.10413243 -0.05982892
 -0.12726439  0.15087628  0.05403621 -0.16823596 -0.00704739  0.17206826
 -0.05029482 -0.13718919  0.09338433  0.08062525 -0.09639396 -0.03794137
  0.10311323 -0.01859389 -0.07335034  0.05536598  0.0257401  -0.05300592
  0.02414776  0.02246503 -0.04012174 -0.00416595  0.0583829  -0.00802777
 -0.09256654  0.03386915  0.12758946 -0.10730575 -0.12616922  0.18860528
  0.07318403 -0.25212806  0.01520393  0.26931268 -0.1220246  -0.21773345
  0.16933583  0.17564301 -0.21899666 -0.11915466  0.26579423  0.01588782
 -0.23201043  0.03631765  0.18991744 -0.05566847 -0.19187796  0.09379255
  0.19163592 -0.14892862 -0.14368211  0.15955287]
[-0.28534412  0.22774322  0.27441175 -0.25516973 -0.23042578  0.24306595
  0.21702773 -0.24615791 -0.17465127  0.23330581  0.16709021 -0.24150809
 -0.12093993  0.21591909  0.09177139 -0.18340273 -0.07299668  0.15552552
  0.06548537 -0.13729682 -0.06128448  0.13598955  0.03204598 -0.11640469
 -0.02621815  0.12490673  0.01539942 -0.12850446  0.01947525  0.11693572
 -0.03694877 -0.07543828  0.04149143  0.0489828  -0.02417845 -0.03426457
  0.03117749  0.02243999 -0.02966456 -0.00862269  0.04533481 -0.01203754
 -0.03588012  0.02899808 -0.00349218 -0.01980943  0.03519453 -0.01608562
 -0.03207969  0.03144163  0.03758329 -0.0390999  -0.06054171  0.07774212
  0.04736054 -0.08060654 -0.04125163  0.07864334  0.0594311  -0.07527381
 -0.08223605  0.09285623  0.08297478 -0.10491476]
[ 0.07633868 -0.10083605  0.00402814  0.07140336 -0.06056692  0.0036107
  0.06368384 -0.06204753 -0.04921838  0.10501917  0.02351673 -0.15675931
  0.04263727  0.16649394 -0.11169525 -0.13931304  0.13797707  0.12078753
 -0.17701772 -0.08536212  0.18515497  0.04936976 -0.21522094  0.01350315
  0.21367197 -0.09587362 -0.18138049  0.14023984  0.14234752 -0.18403933
 -0.09784167  0.20008335  0.05330789 -0.18477175 -0.06164353  0.23164394
  0.02496329 -0.26129623  0.05220264  0.25323374 -0.09544874 -0.22913562
  0.15465607  0.17520843 -0.155304   -0.12973771  0.15944914  0.09292229
 -0.14825364 -0.061039    0.12863969  0.03600568 -0.11310744  0.0005104
  0.05651176 -0.00722767 -0.00221497 -0.01627843 -0.03422593  0.03818597
  0.05629094 -0.05987818 -0.06118877  0.0791163 ]
[ 0.02960173  0.01593379 -0.06741093 -0.0398724   0.10547655  0.05411118
 -0.122824   -0.08465599  0.17074814  0.08747129 -0.21083166 -0.0660833
  0.22993574  0.05579164 -0.25082246 -0.03718496  0.26519857  0.01630691
 -0.26003367  0.00140741  0.23523462  0.00181078 -0.21379396 -0.01586494
  0.19702489  0.03635641 -0.17923306 -0.07094545  0.16481146  0.10659988
 -0.16303818 -0.13220746  0.16055608  0.13767732 -0.14283602 -0.14769104
  0.12684374  0.1446589  -0.10162762 -0.1419438   0.0637714   0.15779839
 -0.0503582  -0.16325248  0.04472084  0.15161294 -0.03926751 -0.12358589
  0.0106571   0.10293797  0.01517965 -0.10289103 -0.02364051  0.0780003
  0.04766271 -0.07073357 -0.07898639  0.08754185  0.0763012  -0.08785846
 -0.08899406  0.10119856  0.07572686 -0.09975242]
[ 0.1372709  -0.14542327 -0.07159634  0.15106387  0.02169035 -0.10517741
 -0.02691541  0.12624304 -0.02003293 -0.10634376  0.05773775  0.06303514
 -0.07280425 -0.02399841  0.07689555 -0.00048855 -0.09250003  0.05317211
  0.08116215 -0.11005826 -0.03826644  0.10686693  0.01557862 -0.10771985
  0.00178303  0.08761057 -0.00617355 -0.06684657 -0.00927569  0.03057254
  0.0601615  -0.02399924 -0.1167165   0.05414593  0.12569681 -0.04302073
 -0.1570983   0.05331511  0.18391791 -0.06707776 -0.18662119  0.06080492
  0.21894579 -0.07975829 -0.24344068  0.11868809  0.2507921  -0.15438554
 -0.24644107  0.17887227  0.22236677 -0.19015236 -0.20769897  0.22522457
  0.14806825 -0.22838397 -0.07207466  0.19344475  0.05614811 -0.15862608
 -0.04503057  0.13194713  0.05109826 -0.09287592]
[ 0.09962033 -0.00274639 -0.16126447 -0.04570166  0.20080251  0.08293499
 -0.2015264  -0.12543939  0.1803361   0.14417591 -0.14816732 -0.14128823
  0.09585254  0.15133447 -0.0587848  -0.15526412  0.0310185   0.1495017
  0.00925405 -0.15518132 -0.02756146  0.1534721   0.05402266 -0.15524121
 -0.07895109  0.16850911  0.07119127 -0.16627887 -0.08727972  0.16454653
  0.08187474 -0.16063533 -0.09293004  0.12886269  0.12553142 -0.13058408
 -0.15056667  0.10515521  0.15269659 -0.07260939 -0.15403108  0.01671813
  0.13578471  0.05305578 -0.11969043 -0.10368166  0.09513758  0.14880348
 -0.0728157  -0.16691701  0.04806766  0.17342906 -0.00512605 -0.19744046
 -0.0043541   0.2003764   0.0185922  -0.19220746 -0.03537146  0.16737753
  0.05156469 -0.13996026 -0.05733208  0.10712761]
[ 0.22488272 -0.09237094 -0.25082355 -0.00519493  0.22052138  0.10797433
 -0.15621306 -0.17189772  0.05177921  0.18419476  0.02425446 -0.15606477
 -0.09892351  0.10975179  0.12362878 -0.04940485 -0.13174994 -0.01121838
  0.10941034  0.05480162 -0.07343244 -0.09696319  0.01515674  0.09901916
  0.0384673  -0.07790836 -0.0730717   0.03938927  0.06754657 -0.00431589
 -0.04028256 -0.02009664  0.00839286  0.01995888  0.02763868  0.00145305
 -0.04754381 -0.0221107   0.0779704   0.06418897 -0.06810953 -0.0990188
  0.03640278  0.12888246  0.02354769 -0.1232227  -0.08543134  0.10625347
  0.13587451 -0.06556754 -0.19023817  0.00206067  0.21230614  0.07251834
 -0.21358022 -0.15717727  0.17586135  0.24632017 -0.09761866 -0.27806164
 -0.00617587  0.28320462  0.09614868 -0.2362977 ]
[-0.14139092  0.0666642   0.16021959 -0.02156539 -0.1586525  -0.02323233
  0.15009837  0.0619352  -0.12565023 -0.09214499  0.11163066  0.12304733
 -0.07950511 -0.16063392  0.04586031  0.19181801  0.01571283 -0.20564059
 -0.09020466  0.18490541  0.16042797 -0.12443138 -0.21304671  0.04276368
  0.22732257  0.04635225 -0.19938502 -0.12148014  0.15218177  0.1743783
 -0.08089277 -0.19845801  0.00597416  0.20542285  0.07040629 -0.18030279
 -0.1375049   0.12737947  0.18795702 -0.04745508 -0.20724414 -0.03535341
  0.18686416  0.10873322 -0.13890933 -0.1617004   0.06886064  0.16894903
  0.00339639 -0.14615191 -0.05260182  0.10962887  0.08614402 -0.06115195
 -0.08971551  0.02591003  0.08768465  0.00849456 -0.06575693 -0.01696153
  0.04489665  0.01852304 -0.02146413 -0.00249675]
[-0.02878644 -0.00073826  0.03871002  0.02011195 -0.03679957 -0.0501406
  0.02366742  0.07274633  0.00892313 -0.09436446 -0.05640479  0.09621595
  0.1057496  -0.06955815 -0.15197849  0.02784758  0.18102958  0.03449306
 -0.18351628 -0.11128799  0.15180485  0.17440502 -0.08534707 -0.21708005
  0.00118157  0.22470012  0.08487345 -0.19286431 -0.15701943  0.13384452
  0.20359286 -0.05164055 -0.21941566 -0.03690172  0.20703537  0.12242797
 -0.15780849 -0.18302588  0.08415734  0.21583259  0.01092096 -0.21121438
 -0.10479857  0.17323772  0.17861452 -0.10056865 -0.21598254  0.01511668
  0.20845283  0.07019717 -0.1615836  -0.12636361  0.10149148  0.14597827
 -0.02492636 -0.12727368 -0.02997876  0.09863919  0.05954608 -0.0539815
 -0.06064828  0.0289485   0.0414125  -0.02250288]
[ 0.15802476 -0.03332553 -0.19008458 -0.06632379  0.15195832  0.16022211
 -0.07418709 -0.21085937 -0.06405388  0.17937527  0.17397101 -0.09100519
 -0.23421952 -0.04362715  0.20617514  0.16103162 -0.10089561 -0.20172112
 -0.02771427  0.16326521  0.12402144 -0.05573689 -0.13124835 -0.03310545
  0.07861268  0.07380381 -0.00482965 -0.04704932 -0.03088126 -0.00030688
  0.02511413  0.02959911  0.00745057 -0.01806623 -0.03439816 -0.02053226
  0.01553143  0.03473557  0.01099959 -0.02954121 -0.04664052 -0.02192303
  0.03095335  0.06037867  0.0329772  -0.05450267 -0.09929271 -0.01444246
  0.12632991  0.12329882 -0.05914644 -0.19295173 -0.05749843  0.18722997
  0.19453197 -0.08015655 -0.25790905 -0.08747774  0.22491064  0.21926056
 -0.09678483 -0.28071881 -0.0508975   0.24347143]
[ -1.38629500e-01   1.90513778e-04   1.49319467e-01   1.15389064e-01
  -5.15808512e-02  -1.38864746e-01  -4.10921227e-02   9.10387101e-02
   1.04925692e-01   5.39337689e-03  -7.25426038e-02  -4.89062618e-02
   1.56931045e-02   2.44657149e-02   1.37168408e-03   1.42770501e-02
   3.93370734e-02  -7.79387698e-03  -9.31266012e-02  -7.54003214e-02
   7.15999726e-02   1.57921356e-01   4.16079287e-02  -1.57686314e-01
  -1.79081570e-01   3.51302784e-02   2.27286077e-01   1.42399355e-01
  -1.32725538e-01  -2.46996328e-01  -4.83712467e-02   2.16146672e-01
   2.20949098e-01  -4.78009376e-02  -2.55406649e-01  -1.44141663e-01
   1.40060264e-01   2.49530640e-01   6.08588808e-02  -1.98710923e-01
  -2.14086083e-01   3.30102157e-02   2.27977788e-01   1.32889799e-01
  -1.24895003e-01  -2.17113053e-01  -4.82169492e-02   1.66288770e-01
   1.58469947e-01  -5.03500235e-02  -1.82712136e-01  -7.95840749e-02
   1.02341337e-01   1.26266618e-01  -9.08355094e-03  -1.08342302e-01
  -5.09291289e-02   5.54590299e-02   5.75151599e-02  -1.01006266e-02
  -2.84143822e-02   1.25704046e-02   1.83341153e-02  -2.27425366e-02]
[ 0.19514165  0.2184393   0.2214091   0.20629675  0.17607498  0.1329809
  0.08360058  0.03222777 -0.02079389 -0.06670681 -0.10503471 -0.13247252
 -0.15131075 -0.16291001 -0.1687936  -0.16224279 -0.14475542 -0.11557986
 -0.08386033 -0.05292405 -0.02208965  0.00119524  0.02311587  0.04168799
  0.06040272  0.07436953  0.08374747  0.09050144  0.09142594  0.08324458
  0.06962834  0.05117582  0.02668111  0.00212927 -0.02126219 -0.04705032
 -0.07885    -0.10919831 -0.13061315 -0.13510453 -0.11901932 -0.08303412
 -0.03364043  0.01640253  0.05689343  0.09100683  0.12083249  0.14807204
  0.17559062  0.19922952  0.20974085  0.20116312  0.17018865  0.12170813
  0.06448921  0.00596071 -0.04867786 -0.09780726 -0.14210793 -0.17352734
 -0.1904899  -0.19561141 -0.19200401 -0.17377083]
[-0.11567296  0.00122746  0.13982158  0.10187038 -0.07353134 -0.15998801
 -0.03138422  0.15386806  0.15339248 -0.04923143 -0.19401343 -0.08521597
  0.14766364  0.19111755 -0.0170592  -0.20979447 -0.12769803  0.12650186
  0.21911391  0.02214952 -0.20750853 -0.15834611  0.0972366   0.2165354
  0.04359231 -0.17724547 -0.15186828  0.06573374  0.18676823  0.05972244
 -0.13738961 -0.14543446  0.03670831  0.16560289  0.0743555  -0.1100395
 -0.14480465  0.008815    0.14718045  0.09062144 -0.0895545  -0.15362343
 -0.00900902  0.14955667  0.10428606 -0.08315871 -0.16202064 -0.02981987
  0.14293624  0.12121358 -0.06009132 -0.16260784 -0.05261918  0.12998881
  0.13198263 -0.04949361 -0.15725584 -0.04826847  0.12019545  0.10881178
 -0.04536553 -0.12539045 -0.02099135  0.10229618]
[ 0.10873042  0.13502716  0.13881575  0.12012822  0.0813498   0.03588237
 -0.01412633 -0.07031285 -0.12222248 -0.161561   -0.18187507 -0.17800616
 -0.14726079 -0.09679271 -0.04128301  0.0143009   0.06284889  0.10914753
  0.15326366  0.1854727   0.19595368  0.18471995  0.15581456  0.11547358
  0.07024317  0.02429724 -0.01588291 -0.04240604 -0.05019954 -0.04683363
 -0.04508149 -0.05057328 -0.06024507 -0.07531457 -0.09353561 -0.1068799
 -0.10961758 -0.09654774 -0.06316977 -0.01269975  0.05044693  0.11639549
  0.1778278   0.22273223  0.23622699  0.21606907  0.16660071  0.09786141
  0.0245515  -0.04653981 -0.10889824 -0.15768844 -0.18855423 -0.19923011
 -0.19067009 -0.16172278 -0.11297778 -0.04863884  0.02531327  0.0978256
  0.15029063  0.16910401  0.15457095  0.11785875]
[ 0.02985898  0.02331719  0.00634986 -0.012703   -0.02734372 -0.03031012
 -0.01589305  0.0161388   0.06030909  0.1034648   0.13111521  0.12762466
  0.08784853  0.0201283  -0.06353296 -0.14363027 -0.19895084 -0.21877531
 -0.19731867 -0.13718632 -0.04981346  0.05147421  0.14725816  0.22107012
  0.26237335  0.26638886  0.23087979  0.16063746  0.06873105 -0.03279152
 -0.12932314 -0.20374313 -0.24791882 -0.25712383 -0.22610101 -0.16058518
 -0.07075916  0.02754099  0.11391526  0.17428262  0.20257219  0.1946448
  0.15499807  0.09420658  0.02370188 -0.04175311 -0.08807865 -0.10733822
 -0.09858687 -0.06976603 -0.03024262  0.00852473  0.03731307  0.05025076
  0.04505103  0.02585546  0.00156109 -0.01666282 -0.02446168 -0.02061535
 -0.0075197   0.00805388  0.02146934  0.02561232]
[ 0.05700575 -0.00545052 -0.07505802 -0.04968432  0.04261233  0.08763549
  0.01726743 -0.08905172 -0.09317426  0.02729432  0.12056211  0.05963649
 -0.08365015 -0.1290162  -0.01783345  0.11564019  0.11066147 -0.01971407
 -0.12830307 -0.0941804   0.03975154  0.13720832  0.08768311 -0.06578032
 -0.15601544 -0.07819451  0.09692544  0.17099428  0.05518106 -0.13502785
 -0.18567074 -0.02178688  0.18101672  0.17896758 -0.0337533  -0.20790147
 -0.14699443  0.08110649  0.22044235  0.11286022 -0.12366173 -0.22968191
 -0.08026217  0.15637152  0.21772331  0.03413052 -0.19250304 -0.20127117
  0.00822298  0.20329853  0.16759329 -0.05481264 -0.21309574 -0.12813594
  0.09380118  0.19999571  0.07046897 -0.12811448 -0.16890645 -0.02577334
  0.12756678  0.13050735 -0.0202226  -0.13851061]
[ 0.17919894  0.03274613 -0.16340062 -0.17294779  0.01696486  0.19916983
  0.15165844 -0.07363913 -0.22975121 -0.12836215  0.11935831  0.23188617
  0.0689122  -0.17369266 -0.21332735 -0.01114785  0.19861916  0.18072397
 -0.04034258 -0.20472105 -0.12963413  0.1001202   0.21233874  0.08002039
 -0.13911334 -0.18833247 -0.02278178  0.14836549  0.13459491 -0.02901401
 -0.1471239  -0.09308262  0.04640183  0.10292114  0.0345391  -0.05733819
 -0.06544031 -0.01368774  0.01065483 -0.00123811  0.00397545  0.03197057
  0.02949395 -0.03653221 -0.07809059 -0.01686727  0.09586065  0.1177522
 -0.00589069 -0.13689048 -0.11675013  0.04124392  0.1691905   0.11254806
 -0.07649367 -0.18927922 -0.08907     0.11005714  0.18861519  0.04242001
 -0.14738534 -0.15763853  0.02241609  0.16535396]
[ 0.1481055   0.02272362 -0.13408795 -0.14986248 -0.00332519  0.16067595
  0.15413241 -0.0153446  -0.17424917 -0.14788547  0.03224171  0.18286597
  0.14482762 -0.03472888 -0.1741623  -0.13478801  0.03455329  0.16657666
  0.13814984 -0.01077393 -0.14208601 -0.14125812 -0.01538903  0.12307774
  0.15123273  0.04425242 -0.10202413 -0.16617185 -0.07860576  0.08687021
  0.1794748   0.10555416 -0.07293501 -0.1850438  -0.12453316  0.06235389
  0.20170128  0.14783489 -0.05087721 -0.19575072 -0.14658931  0.04304784
  0.18825301  0.14987413 -0.03112236 -0.17486163 -0.14588401  0.01697068
  0.15547642  0.13631262 -0.01652079 -0.15142579 -0.14448813  0.0048501
  0.13942181  0.13236734 -0.00572707 -0.13337771 -0.13064431  0.00603935
  0.13175527  0.11793732 -0.02579816 -0.13732183]
[ 0.13370842  0.16933321  0.17700651  0.14850311  0.07955622 -0.01855757
 -0.12527124 -0.21343971 -0.26135033 -0.25795077 -0.20532583 -0.11659677
 -0.01693218  0.07487799  0.14408077  0.1763448   0.17056415  0.13367657
  0.07702508  0.01915504 -0.02571916 -0.04702662 -0.04797299 -0.03533824
 -0.01959426 -0.01236594 -0.01617362 -0.02782688 -0.04096627 -0.05139313
 -0.0548208  -0.05038784 -0.0420282  -0.03272875 -0.01823125  0.00322433
  0.03184068  0.06371932  0.09529785  0.12064456  0.13142501  0.12499203
  0.09804297  0.05273184 -0.00434527 -0.07105163 -0.13796581 -0.18575849
 -0.20216673 -0.18073527 -0.11917922 -0.02802812  0.06871492  0.15320039
  0.20797622  0.21816016  0.17936575  0.10582487  0.01528642 -0.07448854
 -0.14656984 -0.18718165 -0.19287163 -0.16262716]
[ 0.16144529  0.04852853 -0.11012979 -0.16287052 -0.06734817  0.092194
  0.16352124  0.09101655 -0.06584935 -0.16505685 -0.11818071  0.04738077
  0.17507497  0.15135626 -0.01042637 -0.1621213  -0.16148494 -0.01598726
  0.14481643  0.17707995  0.05637225 -0.10919947 -0.17509316 -0.08535743
  0.08081534  0.17390177  0.1038721  -0.06357462 -0.17767281 -0.1338422
  0.02899437  0.16476362  0.15281548  0.00262451 -0.14543824 -0.16290112
 -0.03201966  0.12572203  0.16320651  0.06114898 -0.09150943 -0.16098132
 -0.08780127  0.06599035  0.16423115  0.12225487 -0.02255457 -0.15214091
 -0.15321675 -0.02273366  0.1305549   0.16570872  0.05112241 -0.11638348
 -0.18215512 -0.09463021  0.0777749   0.1719904   0.10670266 -0.06933152
 -0.18626685 -0.13104084  0.05215019  0.18155195]
[-0.25262392 -0.09032612  0.14333197  0.23966707  0.13566404 -0.07553509
 -0.20605017 -0.16136325  0.01706763  0.17453366  0.18805684  0.0498889
 -0.12126831 -0.19562633 -0.11105865  0.05385726  0.16647604  0.14224514
  0.00973601 -0.11995435 -0.14590382 -0.05292489  0.08391035  0.14931954
  0.09378937 -0.03002289 -0.12149198 -0.11321228 -0.01447477  0.09859581
  0.13212303  0.06184498 -0.05709423 -0.13161355 -0.10661733  0.00034189
  0.10325102  0.12223293  0.03506108 -0.08563309 -0.14016073 -0.08825133
  0.03036286  0.12224335  0.11632823  0.0115828  -0.11077728 -0.14936431
 -0.06692774  0.0701227   0.15506441  0.1112314  -0.02968717 -0.1578457
 -0.16500854 -0.04031208  0.12092463  0.18130926  0.08916969 -0.09375618
 -0.19946529 -0.13340315  0.07230949  0.22604917]
[-0.16879522 -0.08357658  0.067814    0.16553871  0.13640628  0.00660971
 -0.12195174 -0.15690485 -0.07313389  0.06627801  0.16015636  0.13339248
  0.00543966 -0.13283509 -0.17739392 -0.10088494  0.04052901  0.14945802
  0.1440665   0.02715127 -0.1149389  -0.18312359 -0.12010562  0.02781793
  0.15432274  0.16396974  0.05408384 -0.09334313 -0.17017303 -0.11745509
  0.0235651   0.14802072  0.16501046  0.06278856 -0.08496406 -0.1685281
 -0.12937239  0.00940836  0.14511736  0.16943565  0.06496101 -0.09438555
 -0.18702926 -0.14514396 -0.00186901  0.13879955  0.17253009  0.0819677
 -0.06703343 -0.1615416  -0.13694382 -0.00686111  0.12779898  0.17208185
  0.08452926 -0.06727169 -0.17107813 -0.14826158 -0.01047359  0.14215651
  0.19202336  0.0985611  -0.07776311 -0.19332811]
[ 0.12991363  0.06966048 -0.04155199 -0.12552758 -0.12797864 -0.04450548
  0.06582379  0.13304559  0.11010716  0.01250876 -0.09601155 -0.13703376
 -0.07973578  0.04453494  0.14961283  0.16557152  0.07319365 -0.06953269
 -0.16305406 -0.1510477  -0.0409576   0.09936358  0.17519282  0.13606064
  0.00433062 -0.13390536 -0.18560877 -0.11360689  0.03625742  0.16262969
  0.17807397  0.07157391 -0.08069797 -0.17701677 -0.15124026 -0.02429257
  0.12264515  0.19290677  0.13725093 -0.0085154  -0.15022961 -0.19504728
 -0.10970114  0.05113521  0.17279013  0.17486333  0.05740039 -0.10125038
 -0.19335135 -0.1595513  -0.02172733  0.12913526  0.19368902  0.14112851
  0.00298893 -0.12630857 -0.16375148 -0.0856079   0.0541947   0.16344775
  0.16123333  0.04746307 -0.10490195 -0.18323082]
[ 0.004938    0.00743759 -0.00134602 -0.02077232 -0.04946065 -0.08178072
 -0.10464213 -0.10778353 -0.08336419 -0.03234621  0.03871385  0.11503209
  0.17464132  0.20365508  0.19413797  0.14588677  0.06819609 -0.02510219
 -0.11647111 -0.18904046 -0.23168848 -0.23765226 -0.20858846 -0.1503397
 -0.07061685  0.01995383  0.10902894  0.18337272  0.23289954  0.24769508
  0.22448972  0.16726137  0.08124949 -0.01990853 -0.11572849 -0.18971142
 -0.2287056  -0.22711943 -0.18644982 -0.11496505 -0.02916834  0.05668182
  0.12573216  0.16382125  0.16886907  0.14428593  0.09810456  0.04355514
 -0.00734628 -0.04681402 -0.06706542 -0.06983459 -0.06172499 -0.04851418
 -0.03438024 -0.02445129 -0.02099078 -0.01976476 -0.01727989 -0.00929514
  0.00488233  0.01874621  0.02715171  0.02615362]
[ 0.23798669  0.1533499  -0.01611566 -0.16063928 -0.20901314 -0.1333238
  0.00683566  0.13209643  0.16989284  0.09921418 -0.03384823 -0.14647105
 -0.17761248 -0.1033985   0.0262408   0.13621474  0.15609784  0.07743534
 -0.05143326 -0.14739881 -0.14836932 -0.05846964  0.06961585  0.15709398
  0.14931752  0.05327341 -0.07221273 -0.15689718 -0.15152602 -0.05139678
  0.08128299  0.16230536  0.14323466  0.0369771  -0.09333177 -0.16871648
 -0.1429237  -0.03870293  0.07950816  0.14223781  0.11718135  0.02011211
 -0.08868738 -0.14579955 -0.11586115 -0.01350319  0.10107534  0.1625664
  0.12989077  0.02190963 -0.09629016 -0.15504828 -0.11628944 -0.00850346
  0.10793438  0.16491837  0.12647549  0.00332127 -0.13047932 -0.20339124
 -0.16057749 -0.02499056  0.13350657  0.21457097]
[-0.19777955 -0.20833217 -0.15975788 -0.06515104  0.05130647  0.15798827
  0.22758366  0.23633981  0.18299201  0.08613108 -0.02386733 -0.11871985
 -0.17220164 -0.17824775 -0.13831492 -0.07312208 -0.00818081  0.03617871
  0.05077793  0.03948203  0.0102281  -0.02240803 -0.0431626  -0.04406449
 -0.02410811  0.01061597  0.04628714  0.07260244  0.08415879  0.07364772
  0.04476999  0.00685841 -0.02826334 -0.05326987 -0.06519321 -0.06339087
 -0.05299284 -0.03976582 -0.02587525 -0.01502401 -0.00372417  0.01628356
  0.04859796  0.0896001   0.1231359   0.13393679  0.10830843  0.04211951
 -0.04849578 -0.13664639 -0.19791314 -0.20752573 -0.15769635 -0.05643994
  0.0694946   0.18577307  0.25580167  0.2607811   0.19680888  0.08267906
 -0.05737471 -0.17801611 -0.24588387 -0.24256173]
[-0.06726416 -0.04246404 -0.00733728  0.02110151  0.03013694  0.01240768
 -0.02176217 -0.05181424 -0.0593895  -0.03535913  0.0181871   0.08132393
  0.12650976  0.1325409   0.08937071  0.00325443 -0.09753508 -0.17920609
 -0.20812852 -0.17013269 -0.0732833   0.05556052  0.17016284  0.23045233
  0.21247148  0.11704243 -0.02173324 -0.15566842 -0.23863341 -0.23707207
 -0.15024279 -0.01021811  0.13504407  0.23315025  0.24995242  0.18272938
  0.05708499 -0.08661866 -0.19806112 -0.24065433 -0.20486668 -0.10633877
  0.01537916  0.12008139  0.17670536  0.16987152  0.10489678  0.00919803
 -0.08271144 -0.14149291 -0.14997029 -0.11199361 -0.04237512  0.03153049
  0.08420652  0.10227839  0.08295736  0.03982556 -0.00684125 -0.03892662
 -0.04780131 -0.03873101 -0.01697272  0.00812009]
[-0.00344072 -0.00349876  0.01343988  0.03749768  0.05897411  0.06858999
  0.05237496  0.00633687 -0.05385646 -0.1066697  -0.12547383 -0.09766585
 -0.02801132  0.06260561  0.14196741  0.18259872  0.16499936  0.08790694
 -0.02517862 -0.13455265 -0.20378601 -0.20318562 -0.1326754  -0.01092479
  0.12326463  0.22066718  0.24691494  0.19055696  0.07049449 -0.07356535
 -0.19297767 -0.24786411 -0.21960137 -0.11852615  0.01564765  0.13965106
  0.21250039  0.2058437   0.1245452   0.0002855  -0.12118766 -0.19859312
 -0.20576592 -0.14392544 -0.03672609  0.07746312  0.16029311  0.18989485
  0.16154578  0.08809297 -0.0007358  -0.07840076 -0.12750318 -0.13548319
 -0.10597998 -0.05700486 -0.00837364  0.02687175  0.04210994  0.03800735
  0.02241744  0.0098221   0.00599074  0.01107672]
[ -2.28775463e-01  -1.61669892e-01  -8.89431090e-03   1.39771059e-01
   2.14016830e-01   1.77386863e-01   5.15592352e-02  -9.29030677e-02
  -1.81725956e-01  -1.74253863e-01  -7.21117682e-02   6.28018549e-02
   1.59282714e-01   1.62703341e-01   7.42696642e-02  -5.67327807e-02
  -1.55748393e-01  -1.73599832e-01  -9.95751274e-02   2.69847524e-02
   1.40108440e-01   1.84498894e-01   1.37904965e-01   2.47705947e-02
  -9.68183308e-02  -1.61834491e-01  -1.34286783e-01  -3.55355449e-02
   8.03338448e-02   1.56719604e-01   1.52365768e-01   6.89191045e-02
  -4.84753239e-02  -1.42671574e-01  -1.66648953e-01  -1.06955086e-01
   6.11403450e-03   1.13933018e-01   1.56479376e-01   1.10645233e-01
   9.22631667e-04  -1.17768141e-01  -1.86488070e-01  -1.66833071e-01
  -6.71593123e-02   5.88115053e-02   1.45661327e-01   1.54106051e-01
   8.07374906e-02  -3.39501698e-02  -1.24348478e-01  -1.43760392e-01
  -8.17220300e-02   2.31309150e-02   1.11815658e-01   1.32235315e-01
   7.50767056e-02  -3.34878697e-02  -1.27535925e-01  -1.61215097e-01
  -1.10383110e-01   4.41068292e-05   1.17641015e-01   1.75901685e-01]
[ 0.15602233  0.1321094   0.04831632 -0.05687403 -0.14273595 -0.16846214
 -0.1230973  -0.02706631  0.07978242  0.1515861   0.1547697   0.08862647
 -0.01790218 -0.11322932 -0.15715595 -0.12824271 -0.03570892  0.0792047
  0.16122305  0.17229535  0.10278433 -0.01346991 -0.11980946 -0.1643767
 -0.1301548  -0.03545471  0.07157983  0.13615069  0.12503291  0.04731232
 -0.05838898 -0.13614369 -0.14278559 -0.07501644  0.03220046  0.12372219
  0.15418887  0.10488112 -0.00111937 -0.11298969 -0.173088   -0.15083711
 -0.05320663  0.07504202  0.17413509  0.19584638  0.12764266  0.00145248
 -0.12662048 -0.19936153 -0.18298241 -0.08540729  0.05227394  0.16485336
  0.20388875  0.14789783  0.02678712 -0.10286737 -0.18220243 -0.17928688
 -0.09242585  0.03870747  0.15512944  0.19706401]
[-0.26525467 -0.24112792 -0.13459366  0.01153022  0.15276159  0.23956516
  0.2480615   0.17504718  0.05078077 -0.08231977 -0.17494354 -0.19923029
 -0.15194681 -0.05787566  0.04434844  0.11486416  0.13280825  0.09798527
  0.03095354 -0.04130776 -0.08719269 -0.0939234  -0.05991831 -0.0045321
  0.05033696  0.082399    0.07855713  0.04703442  0.00443647 -0.02554707
 -0.03110131 -0.01234468  0.01625226  0.03494121  0.03101959  0.00444197
 -0.03419106 -0.06422159 -0.06886856 -0.04040511  0.01272435  0.07034058
  0.10369149  0.09547095  0.0451095  -0.03370125 -0.11221231 -0.15981686
 -0.15412544 -0.09140755  0.01280957  0.12117063  0.19055562  0.18875986
  0.11738397 -0.00571373 -0.1336041  -0.22034485 -0.23192295 -0.16307003
 -0.02948341  0.11502991  0.22470071  0.25525975]
